time	I(Ra)
0.000000e+00	-2.728976e-04
1.131000e-04	1.176021e-04
1.133000e-04	-1.666503e+00
1.137000e-04	-7.856808e+00
1.140000e-04	-9.999604e+00
1.181000e-04	-9.999586e+00
1.183000e-04	-8.332895e+00
1.187000e-04	-2.142330e+00
1.190000e-04	5.580142e-04
1.971000e-04	4.521441e-04
1.973000e-04	-1.666229e+00
1.977000e-04	-7.856756e+00
1.980000e-04	-9.999629e+00
2.051000e-04	-9.999598e+00
2.053000e-04	-8.332971e+00
2.057000e-04	-2.142642e+00
2.060000e-04	1.643605e-04
4.241000e-04	1.544498e-04
4.243000e-04	-1.666464e+00
4.247000e-04	-7.856761e+00
4.250000e-04	-9.999556e+00
4.411000e-04	-9.999489e+00
4.413000e-04	-8.332805e+00
4.417000e-04	-2.142267e+00
4.420000e-04	6.115607e-04
5.091000e-04	5.044893e-04
5.093000e-04	-1.666172e+00
5.097000e-04	-7.856682e+00
5.100000e-04	-9.999551e+00
5.291000e-04	-9.999474e+00
5.293000e-04	-8.332852e+00
5.297000e-04	-2.142548e+00
5.300000e-04	2.490891e-04
7.351000e-04	1.891903e-04
7.353000e-04	-1.666428e+00
7.357000e-04	-7.856719e+00
7.360000e-04	-9.999512e+00
7.651000e-04	-9.999402e+00
7.653000e-04	-8.332726e+00
7.657000e-04	-2.142214e+00
7.660000e-04	6.546264e-04
8.211000e-04	5.545549e-04
8.213000e-04	-1.666117e+00
8.217000e-04	-7.856609e+00
8.220000e-04	-9.999472e+00
8.541000e-04	-9.999353e+00
8.543000e-04	-8.332739e+00
8.547000e-04	-2.142458e+00
8.550000e-04	3.316694e-04
1.045100e-03	2.300981e-04
1.045300e-03	-1.666385e+00
1.045700e-03	-7.856670e+00
1.046000e-03	-9.999460e+00
1.087100e-03	-9.999319e+00
1.087300e-03	-8.332649e+00
1.087700e-03	-2.142165e+00
1.088000e-03	6.945987e-04
1.133300e-03	6.030352e-04
1.133479e-03	-2.452411e+00
1.133666e-03	-7.572767e+00
1.133841e-03	-9.999393e+00
1.179100e-03	-9.999241e+00
1.179300e-03	-8.332632e+00
1.179700e-03	-2.142372e+00
1.180000e-03	4.100978e-04
1.356100e-03	2.736027e-04
1.356300e-03	-1.666340e+00
1.356700e-03	-7.856619e+00
1.357000e-03	-9.999408e+00
1.409100e-03	-9.999245e+00
1.409300e-03	-8.332582e+00
1.409700e-03	-2.142124e+00
1.410000e-03	7.267636e-04
1.447100e-03	6.447235e-04
1.447300e-03	-1.666016e+00
1.447700e-03	-7.856469e+00
1.448000e-03	-9.999317e+00
1.504100e-03	-9.999147e+00
1.504300e-03	-8.332543e+00
1.504700e-03	-2.142300e+00
1.505000e-03	4.765530e-04
1.666300e-03	3.139293e-04
1.666570e-03	-2.266518e+00
1.666896e-03	-8.789922e+00
1.667000e-03	-9.999363e+00
1.730100e-03	-9.999186e+00
1.730300e-03	-8.332530e+00
1.730700e-03	-2.142096e+00
1.731000e-03	7.460221e-04
1.760100e-03	6.768965e-04
1.760300e-03	-1.665978e+00
1.760700e-03	-7.856410e+00
1.761000e-03	-9.999251e+00
1.829100e-03	-9.999066e+00
1.829300e-03	-8.332466e+00
1.829700e-03	-2.142236e+00
1.830000e-03	5.361886e-04
1.976100e-03	3.565379e-04
1.976300e-03	-1.666256e+00
1.976700e-03	-7.856529e+00
1.977000e-03	-9.999315e+00
2.051100e-03	-9.999128e+00
2.051300e-03	-8.332479e+00
2.051700e-03	-2.142070e+00
2.052000e-03	7.635287e-04
2.075100e-03	7.053943e-04
2.075300e-03	-1.665944e+00
2.075700e-03	-7.856354e+00
2.076000e-03	-9.999187e+00
2.154100e-03	-9.998998e+00
2.154300e-03	-8.332400e+00
2.154700e-03	-2.142180e+00
2.155000e-03	5.880557e-04
2.287100e-03	3.977907e-04
2.287300e-03	-1.666214e+00
2.287700e-03	-7.856486e+00
2.288000e-03	-9.999272e+00
2.371100e-03	-9.999084e+00
2.371300e-03	-8.332441e+00
2.371700e-03	-2.142055e+00
2.372000e-03	7.709906e-04
2.390100e-03	7.233417e-04
2.390300e-03	-1.665920e+00
2.390700e-03	-7.856309e+00
2.391000e-03	-9.999136e+00
2.478100e-03	-9.998947e+00
2.478300e-03	-8.332351e+00
2.478700e-03	-2.142138e+00
2.479000e-03	6.280061e-04
2.597100e-03	4.350697e-04
2.597300e-03	-1.666177e+00
2.597700e-03	-7.856452e+00
2.598000e-03	-9.999238e+00
2.690100e-03	-9.999051e+00
2.690300e-03	-8.332415e+00
2.690700e-03	-2.142049e+00
2.691000e-03	7.697389e-04
2.705100e-03	7.314059e-04
2.705300e-03	-1.665907e+00
2.705700e-03	-7.856276e+00
2.706000e-03	-9.999095e+00
2.803100e-03	-9.998906e+00
2.803300e-03	-8.332311e+00
2.803700e-03	-2.142102e+00
2.804000e-03	6.620306e-04
2.908100e-03	4.736293e-04
2.908300e-03	-1.666139e+00
2.908700e-03	-7.856415e+00
2.909000e-03	-9.999202e+00
3.009100e-03	-9.999020e+00
3.009300e-03	-8.332388e+00
3.009700e-03	-2.142043e+00
3.010000e-03	7.684997e-04
3.022100e-03	7.348523e-04
3.022300e-03	-1.665898e+00
3.022700e-03	-7.856247e+00
3.023000e-03	-9.999061e+00
3.127100e-03	-9.998878e+00
3.127300e-03	-8.332283e+00
3.127700e-03	-2.142077e+00
3.128000e-03	6.868598e-04
3.219100e-03	5.075805e-04
3.219300e-03	-1.666106e+00
3.219700e-03	-7.856386e+00
3.220000e-03	-9.999175e+00
3.327100e-03	-9.998998e+00
3.327300e-03	-8.332372e+00
3.327700e-03	-2.142045e+00
3.328000e-03	7.599635e-04
3.339100e-03	1.191248e-03
3.339300e-03	-1.665514e+00
3.339700e-03	-7.856132e+00
3.340000e-03	-9.999038e+00
3.451100e-03	-9.999015e+00
3.451300e-03	-8.332277e+00
3.451700e-03	-2.141539e+00
3.452000e-03	1.407989e-03
3.530100e-03	1.078959e-03
3.530300e-03	-1.665640e+00
3.530700e-03	-7.856309e+00
3.531000e-03	-9.999233e+00
3.644100e-03	-9.998981e+00
3.644300e-03	-8.332270e+00
3.644700e-03	-2.141631e+00
3.645000e-03	1.281464e-03
3.657100e-03	1.229557e-03
3.657300e-03	-1.665480e+00
3.657700e-03	-7.856114e+00
3.658000e-03	-9.999025e+00
3.775100e-03	-9.998979e+00
3.775300e-03	-8.332244e+00
3.775700e-03	-2.141516e+00
3.776000e-03	1.427585e-03
3.842100e-03	1.133368e-03
3.842300e-03	-1.665586e+00
3.842700e-03	-7.856255e+00
3.843000e-03	-9.999179e+00
3.960100e-03	-9.998974e+00
3.960300e-03	-8.332258e+00
3.960700e-03	-2.141603e+00
3.961000e-03	1.315964e-03
3.975100e-03	1.252314e-03
3.975300e-03	-1.665462e+00
3.975700e-03	-7.856111e+00
3.976000e-03	-9.999027e+00
4.098100e-03	-9.998951e+00
4.098300e-03	-8.332220e+00
4.098700e-03	-2.141506e+00
4.099000e-03	1.432400e-03
4.154100e-03	1.176463e-03
4.154300e-03	-1.665542e+00
4.154700e-03	-7.856208e+00
4.155000e-03	-9.999130e+00
4.276100e-03	-9.998973e+00
4.276300e-03	-8.332253e+00
4.276700e-03	-2.141582e+00
4.277000e-03	1.342561e-03
4.295100e-03	1.257559e-03
4.295300e-03	-1.665460e+00
4.295700e-03	-7.856122e+00
4.296000e-03	-9.999043e+00
4.420100e-03	-9.998940e+00
4.420300e-03	-8.332212e+00
4.420700e-03	-2.141514e+00
4.421000e-03	1.419511e-03
4.467300e-03	1.197718e-03
4.467487e-03	-2.425911e+00
4.467686e-03	-7.570899e+00
4.467873e-03	-9.999099e+00
4.591100e-03	-9.998986e+00
4.591300e-03	-8.332263e+00
4.591700e-03	-2.141578e+00
4.592000e-03	1.350184e-03
4.615100e-03	1.238749e-03
4.615300e-03	-1.665481e+00
4.615700e-03	-7.856152e+00
4.616000e-03	-9.999076e+00
4.742100e-03	-9.998940e+00
4.742300e-03	-8.332218e+00
4.742700e-03	-2.141538e+00
4.743000e-03	1.389329e-03
4.780100e-03	1.208381e-03
4.780300e-03	-1.665506e+00
4.780700e-03	-7.856157e+00
4.781000e-03	-9.999074e+00
4.905100e-03	-9.999005e+00
4.905300e-03	-8.332279e+00
4.905700e-03	-2.141581e+00
4.906000e-03	1.351687e-03
4.935100e-03	1.209165e-03
4.935300e-03	-1.665512e+00
4.935700e-03	-7.856190e+00
4.936000e-03	-9.999117e+00
5.064100e-03	-9.998947e+00
5.064300e-03	-8.332230e+00
5.064700e-03	-2.141566e+00
5.065000e-03	1.354897e-03
5.094100e-03	1.211870e-03
5.094300e-03	-1.665500e+00
5.094700e-03	-7.856141e+00
5.095000e-03	-9.999055e+00
5.219100e-03	-9.999025e+00
5.219300e-03	-8.332295e+00
5.219700e-03	-2.141586e+00
5.220000e-03	1.350930e-03
5.257100e-03	1.168119e-03
5.257300e-03	-1.665555e+00
5.257700e-03	-7.856236e+00
5.258000e-03	-9.999165e+00
5.384100e-03	-9.998961e+00
5.384300e-03	-8.332250e+00
5.384700e-03	-2.141604e+00
5.385000e-03	1.310050e-03
5.408100e-03	1.196651e-03
5.408300e-03	-1.665512e+00
5.408700e-03	-7.856140e+00
5.409000e-03	-9.999049e+00
5.532100e-03	-9.999056e+00
5.532300e-03	-8.332324e+00
5.532700e-03	-2.141604e+00
5.533000e-03	1.335957e-03
5.579100e-03	1.109616e-03
5.579300e-03	-1.665613e+00
5.579700e-03	-7.856297e+00
5.580000e-03	-9.999225e+00
5.704100e-03	-9.998984e+00
5.704300e-03	-8.332277e+00
5.704700e-03	-2.141654e+00
5.705000e-03	1.254067e-03
5.723100e-03	1.166205e-03
5.723300e-03	-1.665538e+00
5.723700e-03	-7.856150e+00
5.724000e-03	-9.999054e+00
5.845100e-03	-9.999096e+00
5.845300e-03	-8.332361e+00
5.845700e-03	-2.141633e+00
5.846000e-03	1.310523e-03
5.901100e-03	1.043667e-03
5.901300e-03	-1.665679e+00
5.901700e-03	-7.856362e+00
5.902000e-03	-9.999290e+00
6.024100e-03	-9.999011e+00
6.024300e-03	-8.332309e+00
6.024700e-03	-2.141704e+00
6.025000e-03	1.196392e-03
6.039100e-03	1.129330e-03
6.039300e-03	-1.665570e+00
6.039700e-03	-7.856167e+00
6.040000e-03	-9.999065e+00
6.157100e-03	-9.999137e+00
6.157300e-03	-8.332400e+00
6.157700e-03	-2.141665e+00
6.158000e-03	1.280730e-03
6.224100e-03	9.676543e-04
6.224300e-03	-1.665754e+00
6.224700e-03	-7.856433e+00
6.225000e-03	-9.999360e+00
6.342100e-03	-9.999045e+00
6.342300e-03	-8.332349e+00
6.342700e-03	-2.141765e+00
6.343000e-03	1.128944e-03
6.355100e-03	1.073046e-03
6.355300e-03	-1.665622e+00
6.355700e-03	-7.856200e+00
6.356000e-03	-9.999092e+00
6.469100e-03	-9.999191e+00
6.469300e-03	-8.332454e+00
6.469700e-03	-2.141712e+00
6.470000e-03	1.235399e-03
6.548100e-03	8.773192e-04
6.548300e-03	-1.665843e+00
6.548700e-03	-7.856515e+00
6.549000e-03	-9.999439e+00
6.660100e-03	-9.999088e+00
6.660300e-03	-8.332398e+00
6.660700e-03	-2.141836e+00
6.661000e-03	1.049578e-03
6.672100e-03	7.334388e-04
6.672300e-03	-1.665911e+00
6.672700e-03	-7.856303e+00
6.673000e-03	-9.999131e+00
6.780100e-03	-9.998979e+00
6.780300e-03	-8.332384e+00
6.780700e-03	-2.142176e+00
6.781000e-03	5.871328e-04
6.872100e-03	3.873746e-04
6.872300e-03	-1.666227e+00
6.872700e-03	-7.856508e+00
6.873000e-03	-9.999297e+00
6.977100e-03	-9.999142e+00
6.977300e-03	-8.332493e+00
6.977700e-03	-2.142085e+00
6.978000e-03	7.484823e-04
6.990100e-03	7.141391e-04
6.990300e-03	-1.665936e+00
6.990700e-03	-7.856351e+00
6.991000e-03	-9.999187e+00
7.091100e-03	-9.999032e+00
7.091300e-03	-8.332436e+00
7.091700e-03	-2.142219e+00
7.092000e-03	5.474942e-04
7.196100e-03	3.322981e-04
7.196300e-03	-1.666283e+00
7.196700e-03	-7.856569e+00
7.197000e-03	-9.999360e+00
7.294100e-03	-9.999201e+00
7.294300e-03	-8.332546e+00
7.294700e-03	-2.142114e+00
7.295000e-03	7.269136e-04
7.309100e-03	6.871574e-04
7.309300e-03	-1.665969e+00
7.309700e-03	-7.856407e+00
7.310000e-03	-9.999249e+00
7.402100e-03	-9.999094e+00
7.402300e-03	-8.332494e+00
7.402700e-03	-2.142267e+00
7.403000e-03	5.030957e-04
7.521100e-03	2.765193e-04
7.521300e-03	-1.666341e+00
7.521700e-03	-7.856633e+00
7.522000e-03	-9.999426e+00
7.609100e-03	-9.999268e+00
7.609300e-03	-8.332606e+00
7.609700e-03	-2.142152e+00
7.610000e-03	6.974415e-04
7.628100e-03	6.472879e-04
7.628300e-03	-1.666016e+00
7.628700e-03	-7.856476e+00
7.629000e-03	-9.999327e+00
7.712100e-03	-9.999170e+00
7.712300e-03	-8.332567e+00
7.712700e-03	-2.142326e+00
7.713000e-03	4.498439e-04
7.845100e-03	2.188520e-04
7.845300e-03	-1.666401e+00
7.845700e-03	-7.856701e+00
7.846000e-03	-9.999496e+00
7.924100e-03	-9.999338e+00
7.924300e-03	-8.332670e+00
7.924700e-03	-2.142191e+00
7.925000e-03	6.659957e-04
7.948100e-03	6.038101e-04
7.948300e-03	-1.666065e+00
7.948700e-03	-7.856548e+00
7.949000e-03	-9.999408e+00
8.023100e-03	-9.999251e+00
8.023300e-03	-8.332644e+00
8.023700e-03	-2.142388e+00
8.024000e-03	3.932232e-04
8.170100e-03	1.651660e-04
8.170300e-03	-1.666457e+00
8.170700e-03	-7.856765e+00
8.171000e-03	-9.999563e+00
8.239100e-03	-9.999409e+00
8.239300e-03	-8.332734e+00
8.239700e-03	-2.142232e+00
8.240000e-03	6.334597e-04
8.269100e-03	5.580659e-04
8.269300e-03	-1.666117e+00
8.269700e-03	-7.856621e+00
8.270000e-03	-9.999488e+00
8.333300e-03	-9.999339e+00
8.333593e-03	-7.764638e+00
8.333956e-03	-5.388694e-01
8.334000e-03	3.326888e-04
8.495100e-03	1.132895e-04
8.495300e-03	-1.666511e+00
8.495700e-03	-7.856828e+00
8.496000e-03	-9.999630e+00
8.552100e-03	-9.999488e+00
8.552300e-03	-8.332808e+00
8.552700e-03	-2.142281e+00
8.553000e-03	5.932793e-04
8.590100e-03	5.016775e-04
8.590300e-03	-1.666179e+00
8.590700e-03	-7.856706e+00
8.591000e-03	-9.999579e+00
8.643100e-03	-9.999443e+00
8.643300e-03	-8.332825e+00
8.643700e-03	-2.142532e+00
8.644000e-03	2.620239e-04
8.820100e-03	5.957707e-05
8.820300e-03	-1.666567e+00
8.820700e-03	-7.856895e+00
8.821000e-03	-9.999701e+00
8.866100e-03	-9.999574e+00
8.866300e-03	-8.332886e+00
8.866700e-03	-2.142335e+00
8.867000e-03	5.479148e-04
8.912100e-03	4.431914e-04
8.912300e-03	-1.666243e+00
8.912700e-03	-7.856790e+00
8.913000e-03	-9.999671e+00
8.954100e-03	-9.999552e+00
8.954300e-03	-8.332928e+00
8.954700e-03	-2.142613e+00
8.955000e-03	1.881182e-04
9.145100e-03	1.216075e-05
9.145300e-03	-1.666618e+00
9.145700e-03	-7.856956e+00
9.146000e-03	-9.999765e+00
9.178100e-03	-9.999664e+00
9.178300e-03	-8.332971e+00
9.178700e-03	-2.142394e+00
9.179000e-03	4.974643e-04
9.234100e-03	3.786513e-04
9.234300e-03	-1.666313e+00
9.234700e-03	-7.856879e+00
9.235000e-03	-9.999767e+00
9.264100e-03	-9.999673e+00
9.264300e-03	-8.333043e+00
9.264700e-03	-2.142703e+00
9.265000e-03	1.070708e-04
9.470100e-03	-3.507438e-05
9.470300e-03	-1.666668e+00
9.470700e-03	-7.857019e+00
9.471000e-03	-9.999832e+00
9.490100e-03	-9.999766e+00
9.490300e-03	-8.333065e+00
9.490700e-03	-2.142463e+00
9.491000e-03	4.372364e-04
9.558100e-03	3.053177e-04
9.558300e-03	-1.666391e+00
9.558700e-03	-7.856975e+00
9.559000e-03	-9.999868e+00
9.575100e-03	-9.999811e+00
9.575300e-03	-8.333173e+00
9.575700e-03	-2.142803e+00
9.576000e-03	1.692911e-05
9.794100e-03	-8.108022e-05
9.794300e-03	-1.666718e+00
9.794700e-03	-7.857082e+00
9.795000e-03	-9.999900e+00
9.802100e-03	-9.999872e+00
9.802300e-03	-8.333164e+00
9.802700e-03	-2.142538e+00
9.803000e-03	3.710082e-04
9.881100e-03	2.343778e-04
9.881300e-03	-1.666466e+00
9.881700e-03	-7.857065e+00
9.882000e-03	-9.999964e+00
9.886100e-03	-9.999948e+00
9.886300e-03	-8.333302e+00
9.886700e-03	-2.142902e+00
9.887000e-03	-7.185520e-05
1.011310e-02	-1.176016e-04
1.011330e-02	1.666503e+00
1.011370e-02	7.856808e+00
1.011400e-02	9.999604e+00
1.011810e-02	9.999586e+00
1.011830e-02	8.332895e+00
1.011870e-02	2.142330e+00
1.011900e-02	-5.580148e-04
1.019710e-02	-4.521440e-04
1.019730e-02	1.666229e+00
1.019770e-02	7.856756e+00
1.019800e-02	9.999629e+00
1.020510e-02	9.999598e+00
1.020530e-02	8.332971e+00
1.020570e-02	2.142642e+00
1.020600e-02	-1.643599e-04
1.042410e-02	-1.544491e-04
1.042430e-02	1.666464e+00
1.042470e-02	7.856761e+00
1.042500e-02	9.999556e+00
1.044110e-02	9.999489e+00
1.044130e-02	8.332805e+00
1.044170e-02	2.142267e+00
1.044200e-02	-6.115607e-04
1.050910e-02	-5.044893e-04
1.050930e-02	1.666172e+00
1.050970e-02	7.856682e+00
1.051000e-02	9.999551e+00
1.052910e-02	9.999474e+00
1.052930e-02	8.332852e+00
1.052970e-02	2.142548e+00
1.053000e-02	-2.490884e-04
1.073510e-02	-1.891894e-04
1.073530e-02	1.666428e+00
1.073570e-02	7.856719e+00
1.073600e-02	9.999512e+00
1.076510e-02	9.999402e+00
1.076530e-02	8.332726e+00
1.076570e-02	2.142214e+00
1.076600e-02	-6.546270e-04
1.082110e-02	-5.545554e-04
1.082130e-02	1.666117e+00
1.082170e-02	7.856609e+00
1.082200e-02	9.999472e+00
1.085410e-02	9.999353e+00
1.085430e-02	8.332739e+00
1.085470e-02	2.142458e+00
1.085500e-02	-3.316689e-04
1.104510e-02	-2.300975e-04
1.104530e-02	1.666385e+00
1.104570e-02	7.856670e+00
1.104600e-02	9.999460e+00
1.108710e-02	9.999319e+00
1.108730e-02	8.332649e+00
1.108770e-02	2.142165e+00
1.108800e-02	-6.945993e-04
1.113330e-02	-6.030355e-04
1.113348e-02	2.452411e+00
1.113367e-02	7.572767e+00
1.113384e-02	9.999393e+00
1.117910e-02	9.999241e+00
1.117930e-02	8.332632e+00
1.117970e-02	2.142372e+00
1.118000e-02	-4.100974e-04
1.135610e-02	-2.736022e-04
1.135630e-02	1.666340e+00
1.135670e-02	7.856619e+00
1.135700e-02	9.999408e+00
1.140910e-02	9.999245e+00
1.140930e-02	8.332582e+00
1.140970e-02	2.142124e+00
1.141000e-02	-7.267641e-04
1.144710e-02	-6.447238e-04
1.144730e-02	1.666016e+00
1.144770e-02	7.856469e+00
1.144800e-02	9.999317e+00
1.150410e-02	9.999147e+00
1.150430e-02	8.332543e+00
1.150470e-02	2.142300e+00
1.150500e-02	-4.765525e-04
1.166630e-02	-3.139286e-04
1.166657e-02	2.266518e+00
1.166690e-02	8.789922e+00
1.166700e-02	9.999363e+00
1.173010e-02	9.999186e+00
1.173030e-02	8.332530e+00
1.173070e-02	2.142096e+00
1.173100e-02	-7.460227e-04
1.176010e-02	-6.768971e-04
1.176030e-02	1.665978e+00
1.176070e-02	7.856410e+00
1.176100e-02	9.999251e+00
1.182910e-02	9.999066e+00
1.182930e-02	8.332466e+00
1.182970e-02	2.142236e+00
1.183000e-02	-5.361881e-04
1.197610e-02	-3.565376e-04
1.197630e-02	1.666256e+00
1.197670e-02	7.856529e+00
1.197700e-02	9.999315e+00
1.205110e-02	9.999128e+00
1.205130e-02	8.332479e+00
1.205170e-02	2.142070e+00
1.205200e-02	-7.635293e-04
1.207510e-02	-7.053949e-04
1.207530e-02	1.665944e+00
1.207570e-02	7.856354e+00
1.207600e-02	9.999187e+00
1.215410e-02	9.998998e+00
1.215430e-02	8.332400e+00
1.215470e-02	2.142180e+00
1.215500e-02	-5.880554e-04
1.228710e-02	-3.977906e-04
1.228730e-02	1.666214e+00
1.228770e-02	7.856486e+00
1.228800e-02	9.999272e+00
1.237110e-02	9.999084e+00
1.237130e-02	8.332441e+00
1.237170e-02	2.142055e+00
1.237200e-02	-7.709911e-04
1.239010e-02	-7.233422e-04
1.239030e-02	1.665920e+00
1.239070e-02	7.856309e+00
1.239100e-02	9.999136e+00
1.247810e-02	9.998947e+00
1.247830e-02	8.332351e+00
1.247870e-02	2.142138e+00
1.247900e-02	-6.280055e-04
1.259710e-02	-4.350692e-04
1.259730e-02	1.666177e+00
1.259770e-02	7.856452e+00
1.259800e-02	9.999238e+00
1.269010e-02	9.999051e+00
1.269030e-02	8.332415e+00
1.269070e-02	2.142049e+00
1.269100e-02	-7.697394e-04
1.270510e-02	-7.314064e-04
1.270530e-02	1.665907e+00
1.270570e-02	7.856276e+00
1.270600e-02	9.999095e+00
1.280310e-02	9.998906e+00
1.280330e-02	8.332311e+00
1.280370e-02	2.142102e+00
1.280400e-02	-6.620303e-04
1.290810e-02	-4.736289e-04
1.290830e-02	1.666139e+00
1.290870e-02	7.856415e+00
1.290900e-02	9.999202e+00
1.300910e-02	9.999020e+00
1.300930e-02	8.332388e+00
1.300970e-02	2.142043e+00
1.301000e-02	-7.685003e-04
1.302210e-02	-7.348529e-04
1.302230e-02	1.665898e+00
1.302270e-02	7.856247e+00
1.302300e-02	9.999061e+00
1.312710e-02	9.998878e+00
1.312730e-02	8.332283e+00
1.312770e-02	2.142077e+00
1.312800e-02	-6.868595e-04
1.321910e-02	-5.075805e-04
1.321930e-02	1.666106e+00
1.321970e-02	7.856386e+00
1.322000e-02	9.999175e+00
1.332710e-02	9.998998e+00
1.332730e-02	8.332372e+00
1.332770e-02	2.142045e+00
1.332800e-02	-7.599641e-04
1.333910e-02	-1.191249e-03
1.333930e-02	1.665514e+00
1.333970e-02	7.856132e+00
1.334000e-02	9.999038e+00
1.345110e-02	9.999015e+00
1.345130e-02	8.332277e+00
1.345170e-02	2.141539e+00
1.345200e-02	-1.407990e-03
1.353010e-02	-1.078959e-03
1.353030e-02	1.665640e+00
1.353070e-02	7.856309e+00
1.353100e-02	9.999233e+00
1.364410e-02	9.998981e+00
1.364430e-02	8.332270e+00
1.364470e-02	2.141631e+00
1.364500e-02	-1.281465e-03
1.365710e-02	-1.229557e-03
1.365730e-02	1.665480e+00
1.365770e-02	7.856114e+00
1.365800e-02	9.999025e+00
1.377510e-02	9.998979e+00
1.377530e-02	8.332244e+00
1.377570e-02	2.141516e+00
1.377600e-02	-1.427585e-03
1.384210e-02	-1.133368e-03
1.384230e-02	1.665586e+00
1.384270e-02	7.856255e+00
1.384300e-02	9.999179e+00
1.396010e-02	9.998974e+00
1.396030e-02	8.332258e+00
1.396070e-02	2.141603e+00
1.396100e-02	-1.315965e-03
1.397510e-02	-1.252314e-03
1.397530e-02	1.665462e+00
1.397570e-02	7.856111e+00
1.397600e-02	9.999027e+00
1.409810e-02	9.998951e+00
1.409830e-02	8.332220e+00
1.409870e-02	2.141506e+00
1.409900e-02	-1.432401e-03
1.415410e-02	-1.176463e-03
1.415430e-02	1.665542e+00
1.415470e-02	7.856208e+00
1.415500e-02	9.999130e+00
1.427610e-02	9.998973e+00
1.427630e-02	8.332253e+00
1.427670e-02	2.141582e+00
1.427700e-02	-1.342561e-03
1.429510e-02	-1.257559e-03
1.429530e-02	1.665460e+00
1.429570e-02	7.856122e+00
1.429600e-02	9.999043e+00
1.442010e-02	9.998940e+00
1.442030e-02	8.332212e+00
1.442070e-02	2.141514e+00
1.442100e-02	-1.419512e-03
1.446730e-02	-1.197718e-03
1.446749e-02	2.425911e+00
1.446769e-02	7.570899e+00
1.446787e-02	9.999099e+00
1.459110e-02	9.998986e+00
1.459130e-02	8.332263e+00
1.459170e-02	2.141578e+00
1.459200e-02	-1.350185e-03
1.461510e-02	-1.238749e-03
1.461530e-02	1.665481e+00
1.461570e-02	7.856152e+00
1.461600e-02	9.999076e+00
1.474210e-02	9.998940e+00
1.474230e-02	8.332218e+00
1.474270e-02	2.141538e+00
1.474300e-02	-1.389330e-03
1.478010e-02	-1.208381e-03
1.478030e-02	1.665506e+00
1.478070e-02	7.856157e+00
1.478100e-02	9.999074e+00
1.490510e-02	9.999005e+00
1.490530e-02	8.332279e+00
1.490570e-02	2.141581e+00
1.490600e-02	-1.351688e-03
1.493510e-02	-1.209166e-03
1.493530e-02	1.665512e+00
1.493570e-02	7.856190e+00
1.493600e-02	9.999117e+00
1.506410e-02	9.998946e+00
1.506430e-02	8.332229e+00
1.506470e-02	2.141566e+00
1.506500e-02	-1.354898e-03
1.509410e-02	-1.211870e-03
1.509430e-02	1.665500e+00
1.509470e-02	7.856140e+00
1.509500e-02	9.999054e+00
1.521910e-02	9.999026e+00
1.521930e-02	8.332296e+00
1.521970e-02	2.141586e+00
1.522000e-02	-1.350930e-03
1.525710e-02	-1.168119e-03
1.525730e-02	1.665555e+00
1.525770e-02	7.856237e+00
1.525800e-02	9.999166e+00
1.538410e-02	9.998960e+00
1.538430e-02	8.332249e+00
1.538470e-02	2.141604e+00
1.538500e-02	-1.310049e-03
1.540810e-02	-1.196649e-03
1.540830e-02	1.665511e+00
1.540870e-02	7.856139e+00
1.540900e-02	9.999048e+00
1.553210e-02	9.999057e+00
1.553230e-02	8.332324e+00
1.553270e-02	2.141605e+00
1.553300e-02	-1.335956e-03
1.557910e-02	-1.109615e-03
1.557930e-02	1.665613e+00
1.557970e-02	7.856297e+00
1.558000e-02	9.999226e+00
1.570410e-02	9.998984e+00
1.570430e-02	8.332277e+00
1.570470e-02	2.141654e+00
1.570500e-02	-1.254067e-03
1.572310e-02	-1.166204e-03
1.572330e-02	1.665538e+00
1.572370e-02	7.856150e+00
1.572400e-02	9.999054e+00
1.584510e-02	9.999096e+00
1.584530e-02	8.332361e+00
1.584570e-02	2.141633e+00
1.584600e-02	-1.310524e-03
1.590110e-02	-1.043667e-03
1.590130e-02	1.665679e+00
1.590170e-02	7.856362e+00
1.590200e-02	9.999290e+00
1.602410e-02	9.999011e+00
1.602430e-02	8.332309e+00
1.602470e-02	2.141704e+00
1.602500e-02	-1.196393e-03
1.603910e-02	-1.129330e-03
1.603930e-02	1.665570e+00
1.603970e-02	7.856167e+00
1.604000e-02	9.999065e+00
1.615710e-02	9.999137e+00
1.615730e-02	8.332400e+00
1.615770e-02	2.141665e+00
1.615800e-02	-1.280731e-03
1.622410e-02	-9.676547e-04
1.622430e-02	1.665754e+00
1.622470e-02	7.856432e+00
1.622500e-02	9.999359e+00
1.634210e-02	9.999045e+00
1.634230e-02	8.332350e+00
1.634270e-02	2.141765e+00
1.634300e-02	-1.128944e-03
1.635510e-02	-1.073047e-03
1.635530e-02	1.665622e+00
1.635570e-02	7.856200e+00
1.635600e-02	9.999092e+00
1.646910e-02	9.999191e+00
1.646930e-02	8.332453e+00
1.646970e-02	2.141712e+00
1.647000e-02	-1.235401e-03
1.654810e-02	-8.773199e-04
1.654830e-02	1.665843e+00
1.654870e-02	7.856515e+00
1.654900e-02	9.999439e+00
1.666010e-02	9.999089e+00
1.666030e-02	8.332398e+00
1.666070e-02	2.141836e+00
1.666100e-02	-1.049579e-03
1.667210e-02	-7.327117e-04
1.667230e-02	1.665912e+00
1.667270e-02	7.856303e+00
1.667300e-02	9.999131e+00
1.678010e-02	9.998979e+00
1.678030e-02	8.332384e+00
1.678070e-02	2.142177e+00
1.678100e-02	-5.871328e-04
1.687210e-02	-3.873747e-04
1.687230e-02	1.666227e+00
1.687270e-02	7.856508e+00
1.687300e-02	9.999298e+00
1.697710e-02	9.999142e+00
1.697730e-02	8.332493e+00
1.697770e-02	2.142085e+00
1.697800e-02	-7.480696e-04
1.699010e-02	-7.137418e-04
1.699030e-02	1.665937e+00
1.699070e-02	7.856351e+00
1.699100e-02	9.999187e+00
1.709110e-02	9.999032e+00
1.709130e-02	8.332436e+00
1.709170e-02	2.142219e+00
1.709200e-02	-5.474936e-04
1.719610e-02	-3.322976e-04
1.719630e-02	1.666283e+00
1.719670e-02	7.856569e+00
1.719700e-02	9.999360e+00
1.729410e-02	9.999201e+00
1.729430e-02	8.332546e+00
1.729470e-02	2.142114e+00
1.729500e-02	-7.268801e-04
1.730910e-02	-6.871387e-04
1.730930e-02	1.665969e+00
1.730970e-02	7.856407e+00
1.731000e-02	9.999249e+00
1.740210e-02	9.999094e+00
1.740230e-02	8.332494e+00
1.740270e-02	2.142267e+00
1.740300e-02	-5.030955e-04
1.752110e-02	-2.765188e-04
1.752130e-02	1.666341e+00
1.752170e-02	7.856633e+00
1.752200e-02	9.999426e+00
1.760910e-02	9.999268e+00
1.760930e-02	8.332606e+00
1.760970e-02	2.142152e+00
1.761000e-02	-6.976711e-04
1.762810e-02	-6.475278e-04
1.762830e-02	1.666015e+00
1.762870e-02	7.856476e+00
1.762900e-02	9.999327e+00
1.771210e-02	9.999170e+00
1.771230e-02	8.332566e+00
1.771270e-02	2.142325e+00
1.771300e-02	-4.498440e-04
1.784510e-02	-2.188511e-04
1.784530e-02	1.666401e+00
1.784570e-02	7.856701e+00
1.784600e-02	9.999496e+00
1.792410e-02	9.999338e+00
1.792430e-02	8.332670e+00
1.792470e-02	2.142191e+00
1.792500e-02	-6.662833e-04
1.794810e-02	-6.040977e-04
1.794830e-02	1.666065e+00
1.794870e-02	7.856548e+00
1.794900e-02	9.999408e+00
1.802310e-02	9.999251e+00
1.802330e-02	8.332644e+00
1.802370e-02	2.142387e+00
1.802400e-02	-3.932223e-04
1.817010e-02	-1.651649e-04
1.817030e-02	1.666457e+00
1.817070e-02	7.856765e+00
1.817100e-02	9.999563e+00
1.823910e-02	9.999409e+00
1.823930e-02	8.332734e+00
1.823970e-02	2.142232e+00
1.824000e-02	-6.336887e-04
1.826910e-02	-5.582849e-04
1.826930e-02	1.666116e+00
1.826970e-02	7.856621e+00
1.827000e-02	9.999488e+00
1.833330e-02	9.999339e+00
1.833359e-02	7.761651e+00
1.833395e-02	6.037020e-01
1.833400e-02	-3.326767e-04
1.849510e-02	-1.132778e-04
1.849530e-02	1.666511e+00
1.849570e-02	7.856828e+00
1.849600e-02	9.999630e+00
1.855210e-02	9.999488e+00
1.855230e-02	8.332808e+00
1.855270e-02	2.142281e+00
1.855300e-02	-5.933737e-04
1.859010e-02	-5.017555e-04
1.859030e-02	1.666179e+00
1.859070e-02	7.856706e+00
1.859100e-02	9.999579e+00
1.864310e-02	9.999443e+00
1.864330e-02	8.332825e+00
1.864370e-02	2.142532e+00
1.864400e-02	-2.620140e-04
1.882010e-02	-5.956987e-05
1.882030e-02	1.666567e+00
1.882070e-02	7.856895e+00
1.882100e-02	9.999701e+00
1.886610e-02	9.999574e+00
1.886630e-02	8.332886e+00
1.886670e-02	2.142335e+00
1.886700e-02	-5.478876e-04
1.891210e-02	-4.431496e-04
1.891230e-02	1.666243e+00
1.891270e-02	7.856790e+00
1.891300e-02	9.999671e+00
1.895410e-02	9.999552e+00
1.895430e-02	8.332928e+00
1.895470e-02	2.142613e+00
1.895500e-02	-1.881136e-04
1.914510e-02	-1.215895e-05
1.914530e-02	1.666618e+00
1.914570e-02	7.856956e+00
1.914600e-02	9.999765e+00
1.917810e-02	9.999664e+00
1.917830e-02	8.332971e+00
1.917870e-02	2.142394e+00
1.917900e-02	-4.973665e-04
1.923410e-02	-3.785478e-04
1.923430e-02	1.666313e+00
1.923470e-02	7.856880e+00
1.923500e-02	9.999767e+00
1.926410e-02	9.999673e+00
1.926430e-02	8.333043e+00
1.926470e-02	2.142703e+00
1.926500e-02	-1.070711e-04
1.947010e-02	3.507187e-05
1.947030e-02	1.666668e+00
1.947070e-02	7.857019e+00
1.947100e-02	9.999832e+00
1.949010e-02	9.999766e+00
1.949030e-02	8.333065e+00
1.949070e-02	2.142463e+00
1.949100e-02	-4.371302e-04
1.955810e-02	-3.052160e-04
1.955830e-02	1.666391e+00
1.955870e-02	7.856975e+00
1.955900e-02	9.999868e+00
1.957510e-02	9.999811e+00
1.957530e-02	8.333173e+00
1.957570e-02	2.142803e+00
1.957600e-02	-1.693223e-05
1.979410e-02	8.107634e-05
1.979430e-02	1.666718e+00
1.979470e-02	7.857082e+00
1.979500e-02	9.999900e+00
1.980210e-02	9.999872e+00
1.980230e-02	8.333164e+00
1.980270e-02	2.142538e+00
1.980300e-02	-3.709371e-04
1.988110e-02	-2.343194e-04
1.988130e-02	1.666466e+00
1.988170e-02	7.857065e+00
1.988200e-02	9.999964e+00
1.988610e-02	9.999948e+00
1.988630e-02	8.333302e+00
1.988670e-02	2.142902e+00
1.988700e-02	7.185150e-05
2.011310e-02	1.175987e-04
2.011330e-02	-1.666503e+00
2.011370e-02	-7.856808e+00
2.011400e-02	-9.999604e+00
2.011810e-02	-9.999586e+00
2.011830e-02	-8.332895e+00
2.011870e-02	-2.142330e+00
2.011900e-02	5.579886e-04
2.019710e-02	4.521311e-04
2.019730e-02	-1.666229e+00
2.019770e-02	-7.856756e+00
2.019800e-02	-9.999629e+00
2.020510e-02	-9.999598e+00
2.020530e-02	-8.332971e+00
2.020570e-02	-2.142642e+00
2.020600e-02	1.643576e-04
2.042410e-02	1.544484e-04
2.042430e-02	-1.666464e+00
2.042470e-02	-7.856761e+00
2.042500e-02	-9.999556e+00
2.044110e-02	-9.999489e+00
2.044130e-02	-8.332805e+00
2.044170e-02	-2.142267e+00
2.044200e-02	6.115812e-04
2.050910e-02	5.045170e-04
2.050930e-02	-1.666172e+00
2.050970e-02	-7.856682e+00
2.051000e-02	-9.999551e+00
2.052910e-02	-9.999474e+00
2.052930e-02	-8.332852e+00
2.052970e-02	-2.142548e+00
2.053000e-02	2.490883e-04
2.073510e-02	1.891907e-04
2.073530e-02	-1.666428e+00
2.073570e-02	-7.856719e+00
2.073600e-02	-9.999512e+00
2.076510e-02	-9.999402e+00
2.076530e-02	-8.332726e+00
2.076570e-02	-2.142214e+00
2.076600e-02	6.546691e-04
2.082110e-02	5.545990e-04
2.082130e-02	-1.666117e+00
2.082170e-02	-7.856609e+00
2.082200e-02	-9.999472e+00
2.085410e-02	-9.999353e+00
2.085430e-02	-8.332739e+00
2.085470e-02	-2.142458e+00
2.085500e-02	3.316703e-04
2.104510e-02	2.300996e-04
2.104530e-02	-1.666385e+00
2.104570e-02	-7.856670e+00
2.104600e-02	-9.999460e+00
2.108710e-02	-9.999319e+00
2.108730e-02	-8.332649e+00
2.108770e-02	-2.142165e+00
2.108800e-02	6.946385e-04
2.113330e-02	6.030730e-04
2.113348e-02	-2.456496e+00
2.113366e-02	-7.573044e+00
2.113384e-02	-9.999393e+00
2.117910e-02	-9.999241e+00
2.117930e-02	-8.332632e+00
2.117970e-02	-2.142372e+00
2.118000e-02	4.101061e-04
2.135610e-02	2.736102e-04
2.135630e-02	-1.666340e+00
2.135670e-02	-7.856619e+00
2.135700e-02	-9.999408e+00
2.140910e-02	-9.999245e+00
2.140930e-02	-8.332582e+00
2.140970e-02	-2.142124e+00
2.141000e-02	7.267920e-04
2.144710e-02	6.447493e-04
2.144730e-02	-1.666016e+00
2.144770e-02	-7.856469e+00
2.144800e-02	-9.999317e+00
2.150410e-02	-9.999147e+00
2.150430e-02	-8.332543e+00
2.150470e-02	-2.142300e+00
2.150500e-02	4.765592e-04
2.166630e-02	3.139336e-04
2.166657e-02	-2.266516e+00
2.166690e-02	-8.789968e+00
2.166700e-02	-9.999363e+00
2.173010e-02	-9.999186e+00
2.173030e-02	-8.332530e+00
2.173070e-02	-2.142096e+00
2.173100e-02	7.460261e-04
2.176010e-02	6.768988e-04
2.176030e-02	-1.665978e+00
2.176070e-02	-7.856410e+00
2.176100e-02	-9.999251e+00
2.182910e-02	-9.999066e+00
2.182930e-02	-8.332466e+00
2.182970e-02	-2.142236e+00
2.183000e-02	5.361909e-04
2.197610e-02	3.565384e-04
2.197630e-02	-1.666256e+00
2.197670e-02	-7.856529e+00
2.197700e-02	-9.999315e+00
2.205110e-02	-9.999128e+00
2.205130e-02	-8.332479e+00
2.205170e-02	-2.142070e+00
2.205200e-02	7.635145e-04
2.207510e-02	7.053795e-04
2.207530e-02	-1.665944e+00
2.207570e-02	-7.856354e+00
2.207600e-02	-9.999187e+00
2.215410e-02	-9.998998e+00
2.215430e-02	-8.332400e+00
2.215470e-02	-2.142180e+00
2.215500e-02	5.880545e-04
2.228710e-02	3.977885e-04
2.228730e-02	-1.666214e+00
2.228770e-02	-7.856486e+00
2.228800e-02	-9.999272e+00
2.237110e-02	-9.999084e+00
2.237130e-02	-8.332441e+00
2.237170e-02	-2.142055e+00
2.237200e-02	7.709707e-04
2.239010e-02	7.233215e-04
2.239030e-02	-1.665920e+00
2.239070e-02	-7.856309e+00
2.239100e-02	-9.999136e+00
2.247810e-02	-9.998947e+00
2.247830e-02	-8.332351e+00
2.247870e-02	-2.142138e+00
2.247900e-02	6.280030e-04
2.259710e-02	4.350665e-04
2.259730e-02	-1.666177e+00
2.259770e-02	-7.856452e+00
2.259800e-02	-9.999238e+00
2.269010e-02	-9.999051e+00
2.269030e-02	-8.332415e+00
2.269070e-02	-2.142049e+00
2.269100e-02	7.697230e-04
2.270510e-02	7.313901e-04
2.270530e-02	-1.665907e+00
2.270570e-02	-7.856276e+00
2.270600e-02	-9.999095e+00
2.280310e-02	-9.998906e+00
2.280330e-02	-8.332311e+00
2.280370e-02	-2.142102e+00
2.280400e-02	6.620275e-04
2.290810e-02	4.736267e-04
2.290830e-02	-1.666139e+00
2.290870e-02	-7.856415e+00
2.290900e-02	-9.999202e+00
2.300910e-02	-9.999020e+00
2.300930e-02	-8.332388e+00
2.300970e-02	-2.142043e+00
2.301000e-02	7.684929e-04
2.302210e-02	7.348460e-04
2.302230e-02	-1.665898e+00
2.302270e-02	-7.856247e+00
2.302300e-02	-9.999061e+00
2.312710e-02	-9.998878e+00
2.312730e-02	-8.332283e+00
2.312770e-02	-2.142077e+00
2.312800e-02	6.868581e-04
2.321910e-02	5.075792e-04
2.321930e-02	-1.666106e+00
2.321970e-02	-7.856386e+00
2.322000e-02	-9.999175e+00
2.332710e-02	-9.998998e+00
2.332730e-02	-8.332372e+00
2.332770e-02	-2.142045e+00
2.332800e-02	7.599658e-04
2.333910e-02	1.191247e-03
2.333930e-02	-1.665514e+00
2.333970e-02	-7.856132e+00
2.334000e-02	-9.999038e+00
2.345110e-02	-9.999015e+00
2.345130e-02	-8.332277e+00
2.345170e-02	-2.141539e+00
2.345200e-02	1.407990e-03
2.353010e-02	1.078959e-03
2.353030e-02	-1.665640e+00
2.353070e-02	-7.856309e+00
2.353100e-02	-9.999233e+00
2.364410e-02	-9.998981e+00
2.364430e-02	-8.332270e+00
2.364470e-02	-2.141631e+00
2.364500e-02	1.281466e-03
2.365710e-02	1.229558e-03
2.365730e-02	-1.665480e+00
2.365770e-02	-7.856114e+00
2.365800e-02	-9.999025e+00
2.377510e-02	-9.998979e+00
2.377530e-02	-8.332244e+00
2.377570e-02	-2.141516e+00
2.377600e-02	1.427586e-03
2.384210e-02	1.133370e-03
2.384230e-02	-1.665586e+00
2.384270e-02	-7.856255e+00
2.384300e-02	-9.999179e+00
2.396010e-02	-9.998974e+00
2.396030e-02	-8.332258e+00
2.396070e-02	-2.141603e+00
2.396100e-02	1.315967e-03
2.397510e-02	1.252316e-03
2.397530e-02	-1.665462e+00
2.397570e-02	-7.856111e+00
2.397600e-02	-9.999027e+00
2.409810e-02	-9.998951e+00
2.409830e-02	-8.332220e+00
2.409870e-02	-2.141506e+00
2.409900e-02	1.432404e-03
2.415410e-02	1.176466e-03
2.415430e-02	-1.665542e+00
2.415470e-02	-7.856208e+00
2.415500e-02	-9.999130e+00
2.427610e-02	-9.998973e+00
2.427630e-02	-8.332253e+00
2.427670e-02	-2.141582e+00
2.427700e-02	1.342564e-03
2.429510e-02	1.257561e-03
2.429530e-02	-1.665460e+00
2.429570e-02	-7.856122e+00
2.429600e-02	-9.999043e+00
2.442010e-02	-9.998940e+00
2.442030e-02	-8.332212e+00
2.442070e-02	-2.141514e+00
2.442100e-02	1.419513e-03
2.446730e-02	1.197720e-03
2.446749e-02	-2.426296e+00
2.446769e-02	-7.570923e+00
2.446787e-02	-9.999099e+00
2.459110e-02	-9.998986e+00
2.459130e-02	-8.332263e+00
2.459170e-02	-2.141578e+00
2.459200e-02	1.350187e-03
2.461510e-02	1.238751e-03
2.461530e-02	-1.665481e+00
2.461570e-02	-7.856152e+00
2.461600e-02	-9.999076e+00
2.474210e-02	-9.998940e+00
2.474230e-02	-8.332218e+00
2.474270e-02	-2.141538e+00
2.474300e-02	1.389331e-03
2.478010e-02	1.208382e-03
2.478030e-02	-1.665506e+00
2.478070e-02	-7.856157e+00
2.478100e-02	-9.999074e+00
2.490510e-02	-9.999005e+00
2.490530e-02	-8.332279e+00
2.490570e-02	-2.141581e+00
2.490600e-02	1.351689e-03
2.493510e-02	1.209166e-03
2.493530e-02	-1.665512e+00
2.493570e-02	-7.856190e+00
2.493600e-02	-9.999117e+00
2.506410e-02	-9.998946e+00
2.506430e-02	-8.332229e+00
2.506470e-02	-2.141566e+00
2.506500e-02	1.354898e-03
2.509410e-02	1.211869e-03
2.509430e-02	-1.665500e+00
2.509470e-02	-7.856140e+00
2.509500e-02	-9.999054e+00
2.521910e-02	-9.999026e+00
2.521930e-02	-8.332296e+00
2.521970e-02	-2.141586e+00
2.522000e-02	1.350930e-03
2.525710e-02	1.168118e-03
2.525730e-02	-1.665555e+00
2.525770e-02	-7.856237e+00
2.525800e-02	-9.999166e+00
2.538410e-02	-9.998960e+00
2.538430e-02	-8.332249e+00
2.538470e-02	-2.141604e+00
2.538500e-02	1.310048e-03
2.540810e-02	1.196649e-03
2.540830e-02	-1.665511e+00
2.540870e-02	-7.856139e+00
2.540900e-02	-9.999048e+00
2.553210e-02	-9.999057e+00
2.553230e-02	-8.332324e+00
2.553270e-02	-2.141605e+00
2.553300e-02	1.335955e-03
2.557910e-02	1.109614e-03
2.557930e-02	-1.665613e+00
2.557970e-02	-7.856297e+00
2.558000e-02	-9.999226e+00
2.570410e-02	-9.998984e+00
2.570430e-02	-8.332277e+00
2.570470e-02	-2.141654e+00
2.570500e-02	1.254066e-03
2.572310e-02	1.166203e-03
2.572330e-02	-1.665538e+00
2.572370e-02	-7.856150e+00
2.572400e-02	-9.999054e+00
2.584510e-02	-9.999096e+00
2.584530e-02	-8.332361e+00
2.584570e-02	-2.141633e+00
2.584600e-02	1.310523e-03
2.590110e-02	1.043666e-03
2.590130e-02	-1.665679e+00
2.590170e-02	-7.856362e+00
2.590200e-02	-9.999290e+00
2.602410e-02	-9.999011e+00
2.602430e-02	-8.332309e+00
2.602470e-02	-2.141704e+00
2.602500e-02	1.196392e-03
2.603910e-02	1.129329e-03
2.603930e-02	-1.665570e+00
2.603970e-02	-7.856167e+00
2.604000e-02	-9.999065e+00
2.615710e-02	-9.999137e+00
2.615730e-02	-8.332400e+00
2.615770e-02	-2.141665e+00
2.615800e-02	1.280731e-03
2.622410e-02	9.676541e-04
2.622430e-02	-1.665754e+00
2.622470e-02	-7.856432e+00
2.622500e-02	-9.999359e+00
2.634210e-02	-9.999045e+00
2.634230e-02	-8.332350e+00
2.634270e-02	-2.141765e+00
2.634300e-02	1.128944e-03
2.635510e-02	1.073046e-03
2.635530e-02	-1.665622e+00
2.635570e-02	-7.856200e+00
2.635600e-02	-9.999092e+00
2.646910e-02	-9.999191e+00
2.646930e-02	-8.332453e+00
2.646970e-02	-2.141712e+00
2.647000e-02	1.235400e-03
2.654810e-02	8.773199e-04
2.654830e-02	-1.665843e+00
2.654870e-02	-7.856515e+00
2.654900e-02	-9.999439e+00
2.666010e-02	-9.999089e+00
2.666030e-02	-8.332398e+00
2.666070e-02	-2.141836e+00
2.666100e-02	1.049579e-03
2.667210e-02	7.327101e-04
2.667230e-02	-1.665912e+00
2.667270e-02	-7.856303e+00
2.667300e-02	-9.999131e+00
2.678010e-02	-9.998979e+00
2.678030e-02	-8.332384e+00
2.678070e-02	-2.142177e+00
2.678100e-02	5.871334e-04
2.687210e-02	3.873750e-04
2.687230e-02	-1.666227e+00
2.687270e-02	-7.856508e+00
2.687300e-02	-9.999298e+00
2.697710e-02	-9.999142e+00
2.697730e-02	-8.332493e+00
2.697770e-02	-2.142085e+00
2.697800e-02	7.480685e-04
2.699010e-02	7.137407e-04
2.699030e-02	-1.665937e+00
2.699070e-02	-7.856351e+00
2.699100e-02	-9.999187e+00
2.709110e-02	-9.999032e+00
2.709130e-02	-8.332436e+00
2.709170e-02	-2.142219e+00
2.709200e-02	5.474945e-04
2.719610e-02	3.322985e-04
2.719630e-02	-1.666283e+00
2.719670e-02	-7.856569e+00
2.719700e-02	-9.999360e+00
2.729410e-02	-9.999201e+00
2.729430e-02	-8.332546e+00
2.729470e-02	-2.142114e+00
2.729500e-02	7.268790e-04
2.730910e-02	6.871381e-04
2.730930e-02	-1.665969e+00
2.730970e-02	-7.856407e+00
2.731000e-02	-9.999249e+00
2.740210e-02	-9.999094e+00
2.740230e-02	-8.332494e+00
2.740270e-02	-2.142267e+00
2.740300e-02	5.030960e-04
2.752110e-02	2.765195e-04
2.752130e-02	-1.666341e+00
2.752170e-02	-7.856633e+00
2.752200e-02	-9.999426e+00
2.760910e-02	-9.999268e+00
2.760930e-02	-8.332606e+00
2.760970e-02	-2.142152e+00
2.761000e-02	6.976711e-04
2.762810e-02	6.475273e-04
2.762830e-02	-1.666015e+00
2.762870e-02	-7.856476e+00
2.762900e-02	-9.999327e+00
2.771210e-02	-9.999170e+00
2.771230e-02	-8.332566e+00
2.771270e-02	-2.142325e+00
2.771300e-02	4.498443e-04
2.784510e-02	2.188519e-04
2.784530e-02	-1.666401e+00
2.784570e-02	-7.856701e+00
2.784600e-02	-9.999496e+00
2.792410e-02	-9.999338e+00
2.792430e-02	-8.332670e+00
2.792470e-02	-2.142191e+00
2.792500e-02	6.662833e-04
2.794810e-02	6.040977e-04
2.794830e-02	-1.666065e+00
2.794870e-02	-7.856548e+00
2.794900e-02	-9.999408e+00
2.802310e-02	-9.999251e+00
2.802330e-02	-8.332644e+00
2.802370e-02	-2.142387e+00
2.802400e-02	3.932227e-04
2.817010e-02	1.651655e-04
2.817030e-02	-1.666457e+00
2.817070e-02	-7.856765e+00
2.817100e-02	-9.999563e+00
2.823910e-02	-9.999409e+00
2.823930e-02	-8.332734e+00
2.823970e-02	-2.142232e+00
2.824000e-02	6.336887e-04
2.826910e-02	5.582849e-04
2.826930e-02	-1.666116e+00
2.826970e-02	-7.856621e+00
2.827000e-02	-9.999488e+00
2.833330e-02	-9.999339e+00
2.833359e-02	-7.761643e+00
2.833395e-02	-6.038523e-01
2.833400e-02	3.326769e-04
2.849510e-02	1.132784e-04
2.849530e-02	-1.666511e+00
2.849570e-02	-7.856828e+00
2.849600e-02	-9.999630e+00
2.855210e-02	-9.999488e+00
2.855230e-02	-8.332808e+00
2.855270e-02	-2.142281e+00
2.855300e-02	5.933731e-04
2.859010e-02	5.017557e-04
2.859030e-02	-1.666179e+00
2.859070e-02	-7.856706e+00
2.859100e-02	-9.999579e+00
2.864310e-02	-9.999443e+00
2.864330e-02	-8.332825e+00
2.864370e-02	-2.142532e+00
2.864400e-02	2.620147e-04
2.882010e-02	5.957053e-05
2.882030e-02	-1.666567e+00
2.882070e-02	-7.856895e+00
2.882100e-02	-9.999701e+00
2.886610e-02	-9.999574e+00
2.886630e-02	-8.332886e+00
2.886670e-02	-2.142335e+00
2.886700e-02	5.478870e-04
2.891210e-02	4.431497e-04
2.891230e-02	-1.666243e+00
2.891270e-02	-7.856790e+00
2.891300e-02	-9.999671e+00
2.895410e-02	-9.999552e+00
2.895430e-02	-8.332928e+00
2.895470e-02	-2.142613e+00
2.895500e-02	1.881142e-04
2.914510e-02	1.215980e-05
2.914530e-02	-1.666618e+00
2.914570e-02	-7.856956e+00
2.914600e-02	-9.999765e+00
2.917810e-02	-9.999664e+00
2.917830e-02	-8.332971e+00
2.917870e-02	-2.142394e+00
2.917900e-02	4.973665e-04
2.923410e-02	3.785477e-04
2.923430e-02	-1.666313e+00
2.923470e-02	-7.856880e+00
2.923500e-02	-9.999767e+00
2.926410e-02	-9.999673e+00
2.926430e-02	-8.333043e+00
2.926470e-02	-2.142703e+00
2.926500e-02	1.070718e-04
2.947010e-02	-3.507125e-05
2.947030e-02	-1.666668e+00
2.947070e-02	-7.857019e+00
2.947100e-02	-9.999832e+00
2.949010e-02	-9.999766e+00
2.949030e-02	-8.333065e+00
2.949070e-02	-2.142463e+00
2.949100e-02	4.371299e-04
2.955810e-02	3.052160e-04
2.955830e-02	-1.666391e+00
2.955870e-02	-7.856975e+00
2.955900e-02	-9.999868e+00
2.957510e-02	-9.999811e+00
2.957530e-02	-8.333173e+00
2.957570e-02	-2.142803e+00
2.957600e-02	1.693280e-05
2.979410e-02	-8.107539e-05
2.979430e-02	-1.666718e+00
2.979470e-02	-7.857082e+00
2.979500e-02	-9.999900e+00
2.980210e-02	-9.999872e+00
2.980230e-02	-8.333164e+00
2.980270e-02	-2.142538e+00
2.980300e-02	3.709371e-04
2.988110e-02	2.343194e-04
2.988130e-02	-1.666466e+00
2.988170e-02	-7.857065e+00
2.988200e-02	-9.999964e+00
2.988610e-02	-9.999948e+00
2.988630e-02	-8.333302e+00
2.988670e-02	-2.142902e+00
2.988700e-02	-7.185093e-05
3.011310e-02	-1.175978e-04
3.011330e-02	1.666503e+00
3.011370e-02	7.856808e+00
3.011400e-02	9.999604e+00
3.011810e-02	9.999586e+00
3.011830e-02	8.332895e+00
3.011870e-02	2.142330e+00
3.011900e-02	-5.579886e-04
3.019710e-02	-4.521309e-04
3.019730e-02	1.666229e+00
3.019770e-02	7.856756e+00
3.019800e-02	9.999629e+00
3.020510e-02	9.999598e+00
3.020530e-02	8.332971e+00
3.020570e-02	2.142642e+00
3.020600e-02	-1.643571e-04
3.042410e-02	-1.544476e-04
3.042430e-02	1.666464e+00
3.042470e-02	7.856761e+00
3.042500e-02	9.999556e+00
3.044110e-02	9.999489e+00
3.044130e-02	8.332805e+00
3.044170e-02	2.142267e+00
3.044200e-02	-6.115818e-04
3.050910e-02	-5.045169e-04
3.050930e-02	1.666172e+00
3.050970e-02	7.856682e+00
3.051000e-02	9.999551e+00
3.052910e-02	9.999474e+00
3.052930e-02	8.332852e+00
3.052970e-02	2.142548e+00
3.053000e-02	-2.490879e-04
3.073510e-02	-1.891897e-04
3.073530e-02	1.666428e+00
3.073570e-02	7.856719e+00
3.073600e-02	9.999512e+00
3.076510e-02	9.999402e+00
3.076530e-02	8.332726e+00
3.076570e-02	2.142214e+00
3.076600e-02	-6.546697e-04
3.082110e-02	-5.545996e-04
3.082130e-02	1.666117e+00
3.082170e-02	7.856609e+00
3.082200e-02	9.999472e+00
3.085410e-02	9.999353e+00
3.085430e-02	8.332739e+00
3.085470e-02	2.142458e+00
3.085500e-02	-3.316700e-04
3.104510e-02	-2.300988e-04
3.104530e-02	1.666385e+00
3.104570e-02	7.856670e+00
3.104600e-02	9.999460e+00
3.108710e-02	9.999319e+00
3.108730e-02	8.332649e+00
3.108770e-02	2.142165e+00
3.108800e-02	-6.946391e-04
3.113330e-02	-6.030736e-04
3.113348e-02	2.456502e+00
3.113366e-02	7.573045e+00
3.113384e-02	9.999393e+00
3.117910e-02	9.999241e+00
3.117930e-02	8.332632e+00
3.117970e-02	2.142372e+00
3.118000e-02	-4.101059e-04
3.135610e-02	-2.736097e-04
3.135630e-02	1.666340e+00
3.135670e-02	7.856619e+00
3.135700e-02	9.999408e+00
3.140910e-02	9.999245e+00
3.140930e-02	8.332582e+00
3.140970e-02	2.142124e+00
3.141000e-02	-7.267926e-04
3.144710e-02	-6.447499e-04
3.144730e-02	1.666016e+00
3.144770e-02	7.856469e+00
3.144800e-02	9.999317e+00
3.150410e-02	9.999147e+00
3.150430e-02	8.332543e+00
3.150470e-02	2.142300e+00
3.150500e-02	-4.765588e-04
3.166630e-02	-3.139331e-04
3.166657e-02	2.266516e+00
3.166690e-02	8.789969e+00
3.166700e-02	9.999363e+00
3.173010e-02	9.999186e+00
3.173030e-02	8.332530e+00
3.173070e-02	2.142096e+00
3.173100e-02	-7.460267e-04
3.176010e-02	-6.768994e-04
3.176030e-02	1.665978e+00
3.176070e-02	7.856410e+00
3.176100e-02	9.999251e+00
3.182910e-02	9.999066e+00
3.182930e-02	8.332466e+00
3.182970e-02	2.142236e+00
3.183000e-02	-5.361903e-04
3.197610e-02	-3.565379e-04
3.197630e-02	1.666256e+00
3.197670e-02	7.856529e+00
3.197700e-02	9.999315e+00
3.205110e-02	9.999128e+00
3.205130e-02	8.332479e+00
3.205170e-02	2.142070e+00
3.205200e-02	-7.635151e-04
3.207510e-02	-7.053801e-04
3.207530e-02	1.665944e+00
3.207570e-02	7.856354e+00
3.207600e-02	9.999187e+00
3.215410e-02	9.998998e+00
3.215430e-02	8.332400e+00
3.215470e-02	2.142180e+00
3.215500e-02	-5.880537e-04
3.228710e-02	-3.977879e-04
3.228730e-02	1.666214e+00
3.228770e-02	7.856486e+00
3.228800e-02	9.999272e+00
3.237110e-02	9.999084e+00
3.237130e-02	8.332441e+00
3.237170e-02	2.142055e+00
3.237200e-02	-7.709713e-04
3.239010e-02	-7.233221e-04
3.239030e-02	1.665920e+00
3.239070e-02	7.856309e+00
3.239100e-02	9.999136e+00
3.247810e-02	9.998947e+00
3.247830e-02	8.332351e+00
3.247870e-02	2.142138e+00
3.247900e-02	-6.280021e-04
3.259710e-02	-4.350660e-04
3.259730e-02	1.666177e+00
3.259770e-02	7.856452e+00
3.259800e-02	9.999238e+00
3.269010e-02	9.999051e+00
3.269030e-02	8.332415e+00
3.269070e-02	2.142049e+00
3.269100e-02	-7.697230e-04
3.270510e-02	-7.313907e-04
3.270530e-02	1.665907e+00
3.270570e-02	7.856276e+00
3.270600e-02	9.999095e+00
3.280310e-02	9.998906e+00
3.280330e-02	8.332311e+00
3.280370e-02	2.142102e+00
3.280400e-02	-6.620269e-04
3.290810e-02	-4.736262e-04
3.290830e-02	1.666139e+00
3.290870e-02	7.856415e+00
3.290900e-02	9.999202e+00
3.300910e-02	9.999020e+00
3.300930e-02	8.332388e+00
3.300970e-02	2.142043e+00
3.301000e-02	-7.684935e-04
3.302210e-02	-7.348463e-04
3.302230e-02	1.665898e+00
3.302270e-02	7.856247e+00
3.302300e-02	9.999061e+00
3.312710e-02	9.998878e+00
3.312730e-02	8.332283e+00
3.312770e-02	2.142077e+00
3.312800e-02	-6.868578e-04
3.321910e-02	-5.075790e-04
3.321930e-02	1.666106e+00
3.321970e-02	7.856386e+00
3.322000e-02	9.999175e+00
3.332710e-02	9.998998e+00
3.332730e-02	8.332372e+00
3.332770e-02	2.142045e+00
3.332800e-02	-7.599664e-04
3.333910e-02	-1.191247e-03
3.333930e-02	1.665514e+00
3.333970e-02	7.856132e+00
3.334000e-02	9.999038e+00
3.345110e-02	9.999015e+00
3.345130e-02	8.332277e+00
3.345170e-02	2.141539e+00
3.345200e-02	-1.407990e-03
3.353010e-02	-1.078959e-03
3.353030e-02	1.665640e+00
3.353070e-02	7.856309e+00
3.353100e-02	9.999233e+00
3.364410e-02	9.998981e+00
3.364430e-02	8.332270e+00
3.364470e-02	2.141631e+00
3.364500e-02	-1.281466e-03
3.365710e-02	-1.229558e-03
3.365730e-02	1.665480e+00
3.365770e-02	7.856114e+00
3.365800e-02	9.999025e+00
3.377510e-02	9.998979e+00
3.377530e-02	8.332244e+00
3.377570e-02	2.141516e+00
3.377600e-02	-1.427586e-03
3.384210e-02	-1.133370e-03
3.384230e-02	1.665586e+00
3.384270e-02	7.856255e+00
3.384300e-02	9.999179e+00
3.396010e-02	9.998974e+00
3.396030e-02	8.332258e+00
3.396070e-02	2.141603e+00
3.396100e-02	-1.315967e-03
3.397510e-02	-1.252316e-03
3.397530e-02	1.665462e+00
3.397570e-02	7.856111e+00
3.397600e-02	9.999027e+00
3.409810e-02	9.998951e+00
3.409830e-02	8.332220e+00
3.409870e-02	2.141506e+00
3.409900e-02	-1.432404e-03
3.415410e-02	-1.176466e-03
3.415430e-02	1.665542e+00
3.415470e-02	7.856208e+00
3.415500e-02	9.999130e+00
3.427610e-02	9.998973e+00
3.427630e-02	8.332253e+00
3.427670e-02	2.141582e+00
3.427700e-02	-1.342564e-03
3.429510e-02	-1.257561e-03
3.429530e-02	1.665460e+00
3.429570e-02	7.856122e+00
3.429600e-02	9.999043e+00
3.442010e-02	9.998940e+00
3.442030e-02	8.332212e+00
3.442070e-02	2.141514e+00
3.442100e-02	-1.419513e-03
3.446730e-02	-1.197719e-03
3.446749e-02	2.426297e+00
3.446769e-02	7.570923e+00
3.446787e-02	9.999099e+00
3.459110e-02	9.998986e+00
3.459130e-02	8.332263e+00
3.459170e-02	2.141578e+00
3.459200e-02	-1.350187e-03
3.461510e-02	-1.238751e-03
3.461530e-02	1.665481e+00
3.461570e-02	7.856152e+00
3.461600e-02	9.999076e+00
3.474210e-02	9.998940e+00
3.474230e-02	8.332218e+00
3.474270e-02	2.141538e+00
3.474300e-02	-1.389331e-03
3.478010e-02	-1.208382e-03
3.478030e-02	1.665506e+00
3.478070e-02	7.856157e+00
3.478100e-02	9.999074e+00
3.490510e-02	9.999005e+00
3.490530e-02	8.332279e+00
3.490570e-02	2.141581e+00
3.490600e-02	-1.351689e-03
3.493510e-02	-1.209166e-03
3.493530e-02	1.665512e+00
3.493570e-02	7.856190e+00
3.493600e-02	9.999117e+00
3.506410e-02	9.998947e+00
3.506430e-02	8.332230e+00
3.506470e-02	2.141566e+00
3.506500e-02	-1.354898e-03
3.509410e-02	-1.211870e-03
3.509430e-02	1.665500e+00
3.509470e-02	7.856141e+00
3.509500e-02	9.999055e+00
3.521910e-02	9.999025e+00
3.521930e-02	8.332295e+00
3.521970e-02	2.141586e+00
3.522000e-02	-1.350930e-03
3.525710e-02	-1.168118e-03
3.525730e-02	1.665555e+00
3.525770e-02	7.856236e+00
3.525800e-02	9.999165e+00
3.538410e-02	9.998961e+00
3.538430e-02	8.332250e+00
3.538470e-02	2.141604e+00
3.538500e-02	-1.310049e-03
3.540810e-02	-1.196650e-03
3.540830e-02	1.665512e+00
3.540870e-02	7.856140e+00
3.540900e-02	9.999049e+00
3.553210e-02	9.999056e+00
3.553230e-02	8.332324e+00
3.553270e-02	2.141604e+00
3.553300e-02	-1.335956e-03
3.557910e-02	-1.109614e-03
3.557930e-02	1.665613e+00
3.557970e-02	7.856297e+00
3.558000e-02	9.999225e+00
3.570410e-02	9.998984e+00
3.570430e-02	8.332277e+00
3.570470e-02	2.141654e+00
3.570500e-02	-1.254066e-03
3.572310e-02	-1.166204e-03
3.572330e-02	1.665538e+00
3.572370e-02	7.856150e+00
3.572400e-02	9.999054e+00
3.584510e-02	9.999096e+00
3.584530e-02	8.332361e+00
3.584570e-02	2.141633e+00
3.584600e-02	-1.310523e-03
3.590110e-02	-1.043666e-03
3.590130e-02	1.665679e+00
3.590170e-02	7.856362e+00
3.590200e-02	9.999290e+00
3.602410e-02	9.999011e+00
3.602430e-02	8.332309e+00
3.602470e-02	2.141704e+00
3.602500e-02	-1.196391e-03
3.603910e-02	-1.129329e-03
3.603930e-02	1.665570e+00
3.603970e-02	7.856167e+00
3.604000e-02	9.999065e+00
3.615710e-02	9.999137e+00
3.615730e-02	8.332400e+00
3.615770e-02	2.141665e+00
3.615800e-02	-1.280730e-03
3.622410e-02	-9.676535e-04
3.622430e-02	1.665754e+00
3.622470e-02	7.856433e+00
3.622500e-02	9.999360e+00
3.634210e-02	9.999045e+00
3.634230e-02	8.332349e+00
3.634270e-02	2.141765e+00
3.634300e-02	-1.128943e-03
3.635510e-02	-1.073046e-03
3.635530e-02	1.665622e+00
3.635570e-02	7.856200e+00
3.635600e-02	9.999092e+00
3.646910e-02	9.999191e+00
3.646930e-02	8.332454e+00
3.646970e-02	2.141712e+00
3.647000e-02	-1.235400e-03
3.654810e-02	-8.773191e-04
3.654830e-02	1.665843e+00
3.654870e-02	7.856515e+00
3.654900e-02	9.999439e+00
3.666010e-02	9.999088e+00
3.666030e-02	8.332398e+00
3.666070e-02	2.141836e+00
3.666100e-02	-1.049578e-03
3.667210e-02	-7.334385e-04
3.667230e-02	1.665911e+00
3.667270e-02	7.856303e+00
3.667300e-02	9.999131e+00
3.678010e-02	9.998979e+00
3.678030e-02	8.332384e+00
3.678070e-02	2.142176e+00
3.678100e-02	-5.871328e-04
3.687210e-02	-3.873742e-04
3.687230e-02	1.666227e+00
3.687270e-02	7.856508e+00
3.687300e-02	9.999297e+00
3.697710e-02	9.999142e+00
3.697730e-02	8.332493e+00
3.697770e-02	2.142085e+00
3.697800e-02	-7.484823e-04
3.699010e-02	-7.141391e-04
3.699030e-02	1.665936e+00
3.699070e-02	7.856351e+00
3.699100e-02	9.999187e+00
3.709110e-02	9.999032e+00
3.709130e-02	8.332436e+00
3.709170e-02	2.142219e+00
3.709200e-02	-5.474936e-04
3.719610e-02	-3.322979e-04
3.719630e-02	1.666283e+00
3.719670e-02	7.856569e+00
3.719700e-02	9.999360e+00
3.729410e-02	9.999201e+00
3.729430e-02	8.332546e+00
3.729470e-02	2.142114e+00
3.729500e-02	-7.269142e-04
3.730910e-02	-6.871579e-04
3.730930e-02	1.665969e+00
3.730970e-02	7.856407e+00
3.731000e-02	9.999249e+00
3.740210e-02	9.999094e+00
3.740230e-02	8.332494e+00
3.740270e-02	2.142267e+00
3.740300e-02	-5.030949e-04
3.752110e-02	-2.765192e-04
3.752130e-02	1.666341e+00
3.752170e-02	7.856633e+00
3.752200e-02	9.999426e+00
3.760910e-02	9.999268e+00
3.760930e-02	8.332606e+00
3.760970e-02	2.142152e+00
3.761000e-02	-6.974426e-04
3.762810e-02	-6.472891e-04
3.762830e-02	1.666016e+00
3.762870e-02	7.856476e+00
3.762900e-02	9.999327e+00
3.771210e-02	9.999170e+00
3.771230e-02	8.332567e+00
3.771270e-02	2.142326e+00
3.771300e-02	-4.498435e-04
3.784510e-02	-2.188514e-04
3.784530e-02	1.666401e+00
3.784570e-02	7.856701e+00
3.784600e-02	9.999496e+00
3.792410e-02	9.999338e+00
3.792430e-02	8.332670e+00
3.792470e-02	2.142191e+00
3.792500e-02	-6.659963e-04
3.794810e-02	-6.038107e-04
3.794830e-02	1.666065e+00
3.794870e-02	7.856548e+00
3.794900e-02	9.999408e+00
3.802310e-02	9.999251e+00
3.802330e-02	8.332644e+00
3.802370e-02	2.142388e+00
3.802400e-02	-3.932229e-04
3.817010e-02	-1.651653e-04
3.817030e-02	1.666457e+00
3.817070e-02	7.856765e+00
3.817100e-02	9.999563e+00
3.823910e-02	9.999409e+00
3.823930e-02	8.332734e+00
3.823970e-02	2.142232e+00
3.824000e-02	-6.334602e-04
3.826910e-02	-5.580666e-04
3.826930e-02	1.666117e+00
3.826970e-02	7.856621e+00
3.827000e-02	9.999488e+00
3.833330e-02	9.999339e+00
3.833359e-02	7.764631e+00
3.833396e-02	5.390202e-01
3.833400e-02	-3.326880e-04
3.849510e-02	-1.132885e-04
3.849530e-02	1.666511e+00
3.849570e-02	7.856828e+00
3.849600e-02	9.999630e+00
3.855210e-02	9.999488e+00
3.855230e-02	8.332808e+00
3.855270e-02	2.142281e+00
3.855300e-02	-5.932799e-04
3.859010e-02	-5.016775e-04
3.859030e-02	1.666179e+00
3.859070e-02	7.856706e+00
3.859100e-02	9.999579e+00
3.864310e-02	9.999443e+00
3.864330e-02	8.332825e+00
3.864370e-02	2.142532e+00
3.864400e-02	-2.620237e-04
3.882010e-02	-5.957612e-05
3.882030e-02	1.666567e+00
3.882070e-02	7.856895e+00
3.882100e-02	9.999701e+00
3.886610e-02	9.999574e+00
3.886630e-02	8.332886e+00
3.886670e-02	2.142335e+00
3.886700e-02	-5.479154e-04
3.891210e-02	-4.431913e-04
3.891230e-02	1.666243e+00
3.891270e-02	7.856790e+00
3.891300e-02	9.999671e+00
3.895410e-02	9.999552e+00
3.895430e-02	8.332928e+00
3.895470e-02	2.142613e+00
3.895500e-02	-1.881176e-04
3.914510e-02	-1.215980e-05
3.914530e-02	1.666618e+00
3.914570e-02	7.856956e+00
3.914600e-02	9.999765e+00
3.917810e-02	9.999664e+00
3.917830e-02	8.332971e+00
3.917870e-02	2.142394e+00
3.917900e-02	-4.974640e-04
3.923410e-02	-3.786511e-04
3.923430e-02	1.666313e+00
3.923470e-02	7.856879e+00
3.923500e-02	9.999767e+00
3.926410e-02	9.999673e+00
3.926430e-02	8.333043e+00
3.926470e-02	2.142703e+00
3.926500e-02	-1.070700e-04
3.947010e-02	3.507514e-05
3.947030e-02	1.666668e+00
3.947070e-02	7.857019e+00
3.947100e-02	9.999832e+00
3.949010e-02	9.999766e+00
3.949030e-02	8.333065e+00
3.949070e-02	2.142463e+00
3.949100e-02	-4.372362e-04
3.955810e-02	-3.053174e-04
3.955830e-02	1.666391e+00
3.955870e-02	7.856975e+00
3.955900e-02	9.999868e+00
3.957510e-02	9.999811e+00
3.957530e-02	8.333173e+00
3.957570e-02	2.142803e+00
3.957600e-02	-1.692825e-05
3.979410e-02	8.108060e-05
3.979430e-02	1.666718e+00
3.979470e-02	7.857082e+00
3.979500e-02	9.999900e+00
3.980210e-02	9.999872e+00
3.980230e-02	8.333164e+00
3.980270e-02	2.142538e+00
3.980300e-02	-3.710079e-04
3.988110e-02	-2.343776e-04
3.988130e-02	1.666466e+00
3.988170e-02	7.857065e+00
3.988200e-02	9.999964e+00
3.988610e-02	9.999948e+00
3.988630e-02	8.333302e+00
3.988670e-02	2.142902e+00
3.988700e-02	7.185576e-05
4.011310e-02	1.176020e-04
4.011330e-02	-1.666503e+00
4.011370e-02	-7.856808e+00
4.011400e-02	-9.999604e+00
4.011810e-02	-9.999586e+00
4.011830e-02	-8.332895e+00
4.011870e-02	-2.142330e+00
4.011900e-02	5.580142e-04
4.019710e-02	4.521440e-04
4.019730e-02	-1.666229e+00
4.019770e-02	-7.856756e+00
4.019800e-02	-9.999629e+00
4.020510e-02	-9.999598e+00
4.020530e-02	-8.332971e+00
4.020570e-02	-2.142642e+00
4.020600e-02	1.643603e-04
4.042410e-02	1.544498e-04
4.042430e-02	-1.666464e+00
4.042470e-02	-7.856761e+00
4.042500e-02	-9.999556e+00
4.044110e-02	-9.999489e+00
4.044130e-02	-8.332805e+00
4.044170e-02	-2.142267e+00
4.044200e-02	6.115601e-04
4.050910e-02	5.044893e-04
4.050930e-02	-1.666172e+00
4.050970e-02	-7.856682e+00
4.051000e-02	-9.999551e+00
4.052910e-02	-9.999474e+00
4.052930e-02	-8.332852e+00
4.052970e-02	-2.142548e+00
4.053000e-02	2.490891e-04
4.073510e-02	1.891903e-04
4.073530e-02	-1.666428e+00
4.073570e-02	-7.856719e+00
4.073600e-02	-9.999512e+00
4.076510e-02	-9.999402e+00
4.076530e-02	-8.332726e+00
4.076570e-02	-2.142214e+00
4.076600e-02	6.546264e-04
4.082110e-02	5.545552e-04
4.082130e-02	-1.666117e+00
4.082170e-02	-7.856609e+00
4.082200e-02	-9.999472e+00
4.085410e-02	-9.999353e+00
4.085430e-02	-8.332739e+00
4.085470e-02	-2.142458e+00
4.085500e-02	3.316693e-04
4.104510e-02	2.300980e-04
4.104530e-02	-1.666385e+00
4.104570e-02	-7.856670e+00
4.104600e-02	-9.999460e+00
4.108710e-02	-9.999319e+00
4.108730e-02	-8.332649e+00
4.108770e-02	-2.142165e+00
4.108800e-02	6.945987e-04
4.113330e-02	6.030352e-04
4.113348e-02	-2.452417e+00
4.113367e-02	-7.572767e+00
4.113384e-02	-9.999393e+00
4.117910e-02	-9.999241e+00
4.117930e-02	-8.332632e+00
4.117970e-02	-2.142372e+00
4.118000e-02	4.100978e-04
4.135610e-02	2.736027e-04
4.135630e-02	-1.666340e+00
4.135670e-02	-7.856619e+00
4.135700e-02	-9.999408e+00
4.140910e-02	-9.999245e+00
4.140930e-02	-8.332582e+00
4.140970e-02	-2.142124e+00
4.141000e-02	7.267636e-04
4.144710e-02	6.447235e-04
4.144730e-02	-1.666016e+00
4.144770e-02	-7.856469e+00
4.144800e-02	-9.999317e+00
4.150410e-02	-9.999147e+00
4.150430e-02	-8.332543e+00
4.150470e-02	-2.142300e+00
4.150500e-02	4.765530e-04
4.166630e-02	3.139293e-04
4.166657e-02	-2.266518e+00
4.166690e-02	-8.789924e+00
4.166700e-02	-9.999363e+00
4.173010e-02	-9.999186e+00
4.173030e-02	-8.332530e+00
4.173070e-02	-2.142096e+00
4.173100e-02	7.460221e-04
4.176010e-02	6.768965e-04
4.176030e-02	-1.665978e+00
4.176070e-02	-7.856410e+00
4.176100e-02	-9.999251e+00
4.182910e-02	-9.999066e+00
4.182930e-02	-8.332466e+00
4.182970e-02	-2.142236e+00
4.183000e-02	5.361886e-04
4.197610e-02	3.565379e-04
4.197630e-02	-1.666256e+00
4.197670e-02	-7.856529e+00
4.197700e-02	-9.999315e+00
4.205110e-02	-9.999128e+00
4.205130e-02	-8.332479e+00
4.205170e-02	-2.142070e+00
4.205200e-02	7.635287e-04
4.207510e-02	7.053943e-04
4.207530e-02	-1.665944e+00
4.207570e-02	-7.856354e+00
4.207600e-02	-9.999187e+00
4.215410e-02	-9.998998e+00
4.215430e-02	-8.332400e+00
4.215470e-02	-2.142180e+00
4.215500e-02	5.880557e-04
4.228710e-02	3.977908e-04
4.228730e-02	-1.666214e+00
4.228770e-02	-7.856486e+00
4.228800e-02	-9.999272e+00
4.237110e-02	-9.999084e+00
4.237130e-02	-8.332441e+00
4.237170e-02	-2.142055e+00
4.237200e-02	7.709906e-04
4.239010e-02	7.233417e-04
4.239030e-02	-1.665920e+00
4.239070e-02	-7.856309e+00
4.239100e-02	-9.999136e+00
4.247810e-02	-9.998947e+00
4.247830e-02	-8.332351e+00
4.247870e-02	-2.142138e+00
4.247900e-02	6.280061e-04
4.259710e-02	4.350697e-04
4.259730e-02	-1.666177e+00
4.259770e-02	-7.856452e+00
4.259800e-02	-9.999238e+00
4.269010e-02	-9.999051e+00
4.269030e-02	-8.332415e+00
4.269070e-02	-2.142049e+00
4.269100e-02	7.697389e-04
4.270510e-02	7.314059e-04
4.270530e-02	-1.665907e+00
4.270570e-02	-7.856276e+00
4.270600e-02	-9.999095e+00
4.280310e-02	-9.998906e+00
4.280330e-02	-8.332311e+00
4.280370e-02	-2.142102e+00
4.280400e-02	6.620306e-04
4.290810e-02	4.736293e-04
4.290830e-02	-1.666139e+00
4.290870e-02	-7.856415e+00
4.290900e-02	-9.999202e+00
4.300910e-02	-9.999020e+00
4.300930e-02	-8.332388e+00
4.300970e-02	-2.142043e+00
4.301000e-02	7.684997e-04
4.302210e-02	7.348523e-04
4.302230e-02	-1.665898e+00
4.302270e-02	-7.856247e+00
4.302300e-02	-9.999061e+00
4.312710e-02	-9.998878e+00
4.312730e-02	-8.332283e+00
4.312770e-02	-2.142077e+00
4.312800e-02	6.868598e-04
4.321910e-02	5.075805e-04
4.321930e-02	-1.666106e+00
4.321970e-02	-7.856386e+00
4.322000e-02	-9.999175e+00
4.332710e-02	-9.998998e+00
4.332730e-02	-8.332372e+00
4.332770e-02	-2.142045e+00
4.332800e-02	7.599635e-04
4.333910e-02	1.191248e-03
4.333930e-02	-1.665514e+00
4.333970e-02	-7.856132e+00
4.334000e-02	-9.999038e+00
4.345110e-02	-9.999015e+00
4.345130e-02	-8.332277e+00
4.345170e-02	-2.141539e+00
4.345200e-02	1.407990e-03
4.353010e-02	1.078959e-03
4.353030e-02	-1.665640e+00
4.353070e-02	-7.856309e+00
4.353100e-02	-9.999233e+00
4.364410e-02	-9.998981e+00
4.364430e-02	-8.332270e+00
4.364470e-02	-2.141631e+00
4.364500e-02	1.281465e-03
4.365710e-02	1.229557e-03
4.365730e-02	-1.665480e+00
4.365770e-02	-7.856114e+00
4.365800e-02	-9.999025e+00
4.377510e-02	-9.998979e+00
4.377530e-02	-8.332244e+00
4.377570e-02	-2.141516e+00
4.377600e-02	1.427585e-03
4.384210e-02	1.133368e-03
4.384230e-02	-1.665586e+00
4.384270e-02	-7.856255e+00
4.384300e-02	-9.999179e+00
4.396010e-02	-9.998974e+00
4.396030e-02	-8.332258e+00
4.396070e-02	-2.141603e+00
4.396100e-02	1.315965e-03
4.397510e-02	1.252314e-03
4.397530e-02	-1.665462e+00
4.397570e-02	-7.856111e+00
4.397600e-02	-9.999027e+00
4.409810e-02	-9.998951e+00
4.409830e-02	-8.332220e+00
4.409870e-02	-2.141506e+00
4.409900e-02	1.432401e-03
4.415410e-02	1.176463e-03
4.415430e-02	-1.665542e+00
4.415470e-02	-7.856208e+00
4.415500e-02	-9.999130e+00
4.427610e-02	-9.998973e+00
4.427630e-02	-8.332253e+00
4.427670e-02	-2.141582e+00
4.427700e-02	1.342561e-03
4.429510e-02	1.257559e-03
4.429530e-02	-1.665460e+00
4.429570e-02	-7.856122e+00
4.429600e-02	-9.999043e+00
4.442010e-02	-9.998940e+00
4.442030e-02	-8.332212e+00
4.442070e-02	-2.141514e+00
4.442100e-02	1.419512e-03
4.446730e-02	1.197718e-03
4.446749e-02	-2.425913e+00
4.446769e-02	-7.570899e+00
4.446787e-02	-9.999099e+00
4.459110e-02	-9.998986e+00
4.459130e-02	-8.332263e+00
4.459170e-02	-2.141578e+00
4.459200e-02	1.350185e-03
4.461510e-02	1.238748e-03
4.461530e-02	-1.665481e+00
4.461570e-02	-7.856152e+00
4.461600e-02	-9.999076e+00
4.474210e-02	-9.998940e+00
4.474230e-02	-8.332218e+00
4.474270e-02	-2.141538e+00
4.474300e-02	1.389330e-03
4.478010e-02	1.208380e-03
4.478030e-02	-1.665506e+00
4.478070e-02	-7.856157e+00
4.478100e-02	-9.999074e+00
4.490510e-02	-9.999005e+00
4.490530e-02	-8.332279e+00
4.490570e-02	-2.141581e+00
4.490600e-02	1.351688e-03
4.493510e-02	1.209166e-03
4.493530e-02	-1.665512e+00
4.493570e-02	-7.856190e+00
4.493600e-02	-9.999117e+00
4.506410e-02	-9.998946e+00
4.506430e-02	-8.332229e+00
4.506470e-02	-2.141566e+00
4.506500e-02	1.354898e-03
4.509410e-02	1.211870e-03
4.509430e-02	-1.665500e+00
4.509470e-02	-7.856140e+00
4.509500e-02	-9.999054e+00
4.521910e-02	-9.999026e+00
4.521930e-02	-8.332296e+00
4.521970e-02	-2.141586e+00
4.522000e-02	1.350930e-03
4.525710e-02	1.168119e-03
4.525730e-02	-1.665555e+00
4.525770e-02	-7.856237e+00
4.525800e-02	-9.999166e+00
4.538410e-02	-9.998960e+00
4.538430e-02	-8.332249e+00
4.538470e-02	-2.141604e+00
4.538500e-02	1.310049e-03
4.540810e-02	1.196650e-03
4.540830e-02	-1.665511e+00
4.540870e-02	-7.856139e+00
4.540900e-02	-9.999048e+00
4.553210e-02	-9.999057e+00
4.553230e-02	-8.332324e+00
4.553270e-02	-2.141605e+00
4.553300e-02	1.335956e-03
4.557910e-02	1.109615e-03
4.557930e-02	-1.665613e+00
4.557970e-02	-7.856297e+00
4.558000e-02	-9.999226e+00
4.570410e-02	-9.998984e+00
4.570430e-02	-8.332277e+00
4.570470e-02	-2.141654e+00
4.570500e-02	1.254067e-03
4.572310e-02	1.166204e-03
4.572330e-02	-1.665538e+00
4.572370e-02	-7.856150e+00
4.572400e-02	-9.999054e+00
4.584510e-02	-9.999096e+00
4.584530e-02	-8.332361e+00
4.584570e-02	-2.141633e+00
4.584600e-02	1.310524e-03
4.590110e-02	1.043667e-03
4.590130e-02	-1.665679e+00
4.590170e-02	-7.856362e+00
4.590200e-02	-9.999290e+00
4.602410e-02	-9.999011e+00
4.602430e-02	-8.332309e+00
4.602470e-02	-2.141704e+00
4.602500e-02	1.196393e-03
4.603910e-02	1.129330e-03
4.603930e-02	-1.665570e+00
4.603970e-02	-7.856167e+00
4.604000e-02	-9.999065e+00
4.615710e-02	-9.999137e+00
4.615730e-02	-8.332400e+00
4.615770e-02	-2.141665e+00
4.615800e-02	1.280731e-03
4.622410e-02	9.676549e-04
4.622430e-02	-1.665754e+00
4.622470e-02	-7.856432e+00
4.622500e-02	-9.999359e+00
4.634210e-02	-9.999045e+00
4.634230e-02	-8.332350e+00
4.634270e-02	-2.141765e+00
4.634300e-02	1.128944e-03
4.635510e-02	1.073047e-03
4.635530e-02	-1.665622e+00
4.635570e-02	-7.856200e+00
4.635600e-02	-9.999092e+00
4.646910e-02	-9.999191e+00
4.646930e-02	-8.332453e+00
4.646970e-02	-2.141712e+00
4.647000e-02	1.235401e-03
4.654810e-02	8.773199e-04
4.654830e-02	-1.665843e+00
4.654870e-02	-7.856515e+00
4.654900e-02	-9.999439e+00
4.666010e-02	-9.999089e+00
4.666030e-02	-8.332398e+00
4.666070e-02	-2.141836e+00
4.666100e-02	1.049579e-03
4.667210e-02	7.327111e-04
4.667230e-02	-1.665912e+00
4.667270e-02	-7.856303e+00
4.667300e-02	-9.999131e+00
4.678010e-02	-9.998979e+00
4.678030e-02	-8.332384e+00
4.678070e-02	-2.142177e+00
4.678100e-02	5.871331e-04
4.687210e-02	3.873748e-04
4.687230e-02	-1.666227e+00
4.687270e-02	-7.856508e+00
4.687300e-02	-9.999298e+00
4.697710e-02	-9.999142e+00
4.697730e-02	-8.332493e+00
4.697770e-02	-2.142085e+00
4.697800e-02	7.480696e-04
4.699010e-02	7.137413e-04
4.699030e-02	-1.665937e+00
4.699070e-02	-7.856351e+00
4.699100e-02	-9.999187e+00
4.709110e-02	-9.999032e+00
4.709130e-02	-8.332436e+00
4.709170e-02	-2.142219e+00
4.709200e-02	5.474945e-04
4.719610e-02	3.322982e-04
4.719630e-02	-1.666283e+00
4.719670e-02	-7.856569e+00
4.719700e-02	-9.999360e+00
4.729410e-02	-9.999201e+00
4.729430e-02	-8.332546e+00
4.729470e-02	-2.142114e+00
4.729500e-02	7.268795e-04
4.730910e-02	6.871384e-04
4.730930e-02	-1.665969e+00
4.730970e-02	-7.856407e+00
4.731000e-02	-9.999249e+00
4.740210e-02	-9.999094e+00
4.740230e-02	-8.332494e+00
4.740270e-02	-2.142267e+00
4.740300e-02	5.030957e-04
4.752110e-02	2.765194e-04
4.752130e-02	-1.666341e+00
4.752170e-02	-7.856633e+00
4.752200e-02	-9.999426e+00
4.760910e-02	-9.999268e+00
4.760930e-02	-8.332606e+00
4.760970e-02	-2.142152e+00
4.761000e-02	6.976706e-04
4.762810e-02	6.475273e-04
4.762830e-02	-1.666015e+00
4.762870e-02	-7.856476e+00
4.762900e-02	-9.999327e+00
4.771210e-02	-9.999170e+00
4.771230e-02	-8.332566e+00
4.771270e-02	-2.142325e+00
4.771300e-02	4.498443e-04
4.784510e-02	2.188518e-04
4.784530e-02	-1.666401e+00
4.784570e-02	-7.856701e+00
4.784600e-02	-9.999496e+00
4.792410e-02	-9.999338e+00
4.792430e-02	-8.332670e+00
4.792470e-02	-2.142191e+00
4.792500e-02	6.662833e-04
4.794810e-02	6.040972e-04
4.794830e-02	-1.666065e+00
4.794870e-02	-7.856548e+00
4.794900e-02	-9.999408e+00
4.802310e-02	-9.999251e+00
4.802330e-02	-8.332644e+00
4.802370e-02	-2.142387e+00
4.802400e-02	3.932228e-04
4.817010e-02	1.651655e-04
4.817030e-02	-1.666457e+00
4.817070e-02	-7.856765e+00
4.817100e-02	-9.999563e+00
4.823910e-02	-9.999409e+00
4.823930e-02	-8.332734e+00
4.823970e-02	-2.142232e+00
4.824000e-02	6.336887e-04
4.826910e-02	5.582846e-04
4.826930e-02	-1.666116e+00
4.826970e-02	-7.856621e+00
4.827000e-02	-9.999488e+00
4.833330e-02	-9.999339e+00
4.833359e-02	-7.761651e+00
4.833395e-02	-6.037023e-01
4.833400e-02	3.326770e-04
4.849510e-02	1.132785e-04
4.849530e-02	-1.666511e+00
4.849570e-02	-7.856828e+00
4.849600e-02	-9.999630e+00
4.855210e-02	-9.999488e+00
4.855230e-02	-8.332808e+00
4.855270e-02	-2.142281e+00
4.855300e-02	5.933731e-04
4.859010e-02	5.017555e-04
4.859030e-02	-1.666179e+00
4.859070e-02	-7.856706e+00
4.859100e-02	-9.999579e+00
4.864310e-02	-9.999443e+00
4.864330e-02	-8.332825e+00
4.864370e-02	-2.142532e+00
4.864400e-02	2.620148e-04
4.882010e-02	5.957082e-05
4.882030e-02	-1.666567e+00
4.882070e-02	-7.856895e+00
4.882100e-02	-9.999701e+00
4.886610e-02	-9.999574e+00
4.886630e-02	-8.332886e+00
4.886670e-02	-2.142335e+00
4.886700e-02	5.478870e-04
4.891210e-02	4.431498e-04
4.891230e-02	-1.666243e+00
4.891270e-02	-7.856790e+00
4.891300e-02	-9.999671e+00
4.895410e-02	-9.999552e+00
4.895430e-02	-8.332928e+00
4.895470e-02	-2.142613e+00
4.895500e-02	1.881143e-04
4.914510e-02	1.215994e-05
4.914530e-02	-1.666618e+00
4.914570e-02	-7.856956e+00
4.914600e-02	-9.999765e+00
4.917810e-02	-9.999664e+00
4.917830e-02	-8.332971e+00
4.917870e-02	-2.142394e+00
4.917900e-02	4.973665e-04
4.923410e-02	3.785479e-04
4.923430e-02	-1.666313e+00
4.923470e-02	-7.856880e+00
4.923500e-02	-9.999767e+00
4.926410e-02	-9.999673e+00
4.926430e-02	-8.333043e+00
4.926470e-02	-2.142703e+00
4.926500e-02	1.070717e-04
4.947010e-02	-3.507101e-05
4.947030e-02	-1.666668e+00
4.947070e-02	-7.857019e+00
4.947100e-02	-9.999832e+00
4.949010e-02	-9.999766e+00
4.949030e-02	-8.333065e+00
4.949070e-02	-2.142463e+00
4.949100e-02	4.371302e-04
4.955810e-02	3.052161e-04
4.955830e-02	-1.666391e+00
4.955870e-02	-7.856975e+00
4.955900e-02	-9.999868e+00
4.957510e-02	-9.999811e+00
4.957530e-02	-8.333173e+00
4.957570e-02	-2.142803e+00
4.957600e-02	1.693309e-05
4.979410e-02	-8.107568e-05
4.979430e-02	-1.666718e+00
4.979470e-02	-7.857082e+00
4.979500e-02	-9.999900e+00
4.980210e-02	-9.999872e+00
4.980230e-02	-8.333164e+00
4.980270e-02	-2.142538e+00
4.980300e-02	3.709371e-04
4.988110e-02	2.343194e-04
4.988130e-02	-1.666466e+00
4.988170e-02	-7.857065e+00
4.988200e-02	-9.999964e+00
4.988610e-02	-9.999948e+00
4.988630e-02	-8.333302e+00
4.988670e-02	-2.142902e+00
4.988700e-02	-7.185093e-05
5.000000e-02	-4.720218e-04
