time	I(Rla)
0.000000e+00	6.681223e-01
1.394143e-03	-2.792545e+00
1.683594e-03	-3.486611e+00
1.998143e-03	-4.195796e+00
2.311714e-03	-4.867629e+00
2.637429e-03	-5.492683e+00
2.949880e-03	-6.054338e+00
3.281143e-03	-6.572488e+00
3.658000e-03	-7.085147e+00
4.223172e-03	-7.693961e+00
5.065000e-03	-8.103630e+00
5.932000e-03	-7.918842e+00
6.598857e-03	-7.405340e+00
6.913880e-03	-7.054041e+00
7.224714e-03	-6.632017e+00
7.563884e-03	-6.070785e+00
7.866400e-03	-5.532902e+00
8.200143e-03	-4.863713e+00
8.496000e-03	-4.274970e+00
9.704000e-03	-1.442122e+00
1.137929e-02	2.762427e+00
1.168500e-02	3.489396e+00
1.199814e-02	4.195796e+00
1.231171e-02	4.867629e+00
1.263743e-02	5.492683e+00
1.294988e-02	6.054338e+00
1.328114e-02	6.572488e+00
1.365800e-02	7.085147e+00
1.422317e-02	7.693961e+00
1.506500e-02	8.103630e+00
1.593200e-02	7.918839e+00
1.659886e-02	7.405341e+00
1.691388e-02	7.054043e+00
1.722471e-02	6.632018e+00
1.756398e-02	6.070544e+00
1.786829e-02	5.528462e+00
1.820014e-02	4.863712e+00
1.849600e-02	4.274941e+00
1.971900e-02	1.402120e+00
2.137929e-02	-2.762452e+00
2.168359e-02	-3.486652e+00
2.199814e-02	-4.195832e+00
2.231171e-02	-4.867647e+00
2.263743e-02	-5.492681e+00
2.294988e-02	-6.054325e+00
2.328114e-02	-6.572473e+00
2.365800e-02	-7.085137e+00
2.422317e-02	-7.693961e+00
2.506500e-02	-8.103638e+00
2.593200e-02	-7.918837e+00
2.659886e-02	-7.405338e+00
2.691388e-02	-7.054042e+00
2.722471e-02	-6.632018e+00
2.756398e-02	-6.070545e+00
2.786640e-02	-5.532904e+00
2.820014e-02	-4.863713e+00
2.849600e-02	-4.274942e+00
2.971900e-02	-1.402120e+00
3.137929e-02	2.762452e+00
3.168500e-02	3.489438e+00
3.199814e-02	4.195832e+00
3.231171e-02	4.867647e+00
3.263743e-02	5.492681e+00
3.294988e-02	6.054325e+00
3.328114e-02	6.572473e+00
3.365800e-02	7.085137e+00
3.422317e-02	7.693961e+00
3.506500e-02	8.103638e+00
3.593200e-02	7.918840e+00
3.659886e-02	7.405337e+00
3.691388e-02	7.054040e+00
3.722471e-02	6.632018e+00
3.756388e-02	6.070786e+00
3.786829e-02	5.528463e+00
3.820014e-02	4.863714e+00
3.849600e-02	4.274970e+00
3.970400e-02	1.442122e+00
4.137929e-02	-2.762427e+00
4.168359e-02	-3.486611e+00
4.199814e-02	-4.195796e+00
4.231171e-02	-4.867629e+00
4.263743e-02	-5.492683e+00
4.294988e-02	-6.054338e+00
4.328114e-02	-6.572488e+00
4.365800e-02	-7.085147e+00
4.422317e-02	-7.693961e+00
4.506500e-02	-8.103630e+00
4.593200e-02	-7.918839e+00
4.659886e-02	-7.405341e+00
4.691388e-02	-7.054043e+00
4.722471e-02	-6.632018e+00
4.756398e-02	-6.070544e+00
4.786640e-02	-5.532902e+00
4.820014e-02	-4.863712e+00
4.849600e-02	-4.274941e+00
4.971900e-02	-1.402120e+00
5.000000e-02	-6.681353e-01
