time	V(a,n)
0.000000e+00	-3.319518e+01
5.242857e-05	-3.632961e+01
1.133000e-04	-3.924216e+01
1.140000e-04	-3.974147e+01
1.183000e-04	-4.421461e+01
1.190000e-04	-4.447563e+01
1.747143e-04	-4.610755e+01
1.973000e-04	-4.660646e+01
1.980000e-04	-4.709015e+01
2.053000e-04	-5.454193e+01
2.060000e-04	-5.478673e+01
2.468800e-04	-5.506285e+01
3.120000e-04	-5.469537e+01
3.668571e-04	-5.344597e+01
4.243000e-04	-5.150874e+01
4.250000e-04	-5.195202e+01
4.413000e-04	-6.767625e+01
4.420000e-04	-6.787923e+01
4.994286e-04	-6.480038e+01
5.093000e-04	-6.423100e+01
5.100000e-04	-6.465883e+01
5.293000e-04	-8.284314e+01
5.300000e-04	-8.302960e+01
5.854286e-04	-7.866152e+01
6.280000e-04	-7.479167e+01
6.824286e-04	-6.909536e+01
7.353000e-04	-6.307315e+01
7.360000e-04	-6.346141e+01
7.653000e-04	-8.941795e+01
7.660000e-04	-8.956409e+01
8.213000e-04	-8.217279e+01
8.220000e-04	-8.254611e+01
8.543000e-04	-1.104273e+02
8.550000e-04	-1.105564e+02
8.972365e-04	-1.038114e+02
9.440000e-04	-9.581830e+01
9.975714e-04	-8.590354e+01
1.045300e-03	-7.669351e+01
1.046000e-03	-7.702721e+01
1.087300e-03	-1.103749e+02
1.088000e-03	-1.104650e+02
1.133479e-03	-1.008043e+02
1.134000e-03	-1.011000e+02
1.179300e-03	-1.366273e+02
1.180000e-03	-1.366992e+02
1.220880e-03	-1.268179e+02
1.259000e-03	-1.172385e+02
1.312645e-03	-1.030370e+02
1.356300e-03	-9.117951e+01
1.357000e-03	-9.145875e+01
1.409300e-03	-1.296038e+02
1.410000e-03	-1.296384e+02
1.447300e-03	-1.188199e+02
1.448000e-03	-1.190853e+02
1.504100e-03	-1.587296e+02
1.505000e-03	-1.588509e+02
1.552857e-03	-1.434354e+02
1.603000e-03	-1.265938e+02
1.666570e-03	-1.045858e+02
1.667000e-03	-1.046683e+02
1.730300e-03	-1.460998e+02
1.731000e-03	-1.460816e+02
1.760300e-03	-1.354158e+02
1.761000e-03	-1.356300e+02
1.809571e-03	-1.664515e+02
1.829300e-03	-1.787672e+02
1.830000e-03	-1.787295e+02
1.895743e-03	-1.523763e+02
1.924000e-03	-1.406978e+02
1.976300e-03	-1.187954e+02
1.977000e-03	-1.189723e+02
2.051100e-03	-1.622131e+02
2.052000e-03	-1.622259e+02
2.075300e-03	-1.520909e+02
2.076000e-03	-1.522558e+02
2.131714e-03	-1.836358e+02
2.154300e-03	-1.961074e+02
2.155000e-03	-1.960186e+02
2.200000e-03	-1.748557e+02
2.269429e-03	-1.412438e+02
2.287300e-03	-1.325327e+02
2.288000e-03	-1.326620e+02
2.371100e-03	-1.755154e+02
2.372000e-03	-1.754672e+02
2.390300e-03	-1.662879e+02
2.391000e-03	-1.664064e+02
2.440714e-03	-1.911656e+02
2.478300e-03	-2.094713e+02
2.479000e-03	-2.093352e+02
2.512000e-03	-1.916642e+02
2.593000e-03	-1.472871e+02
2.597300e-03	-1.449465e+02
2.598000e-03	-1.450322e+02
2.690100e-03	-1.868360e+02
2.691000e-03	-1.867323e+02
2.705300e-03	-1.786944e+02
2.706000e-03	-1.787705e+02
2.746880e-03	-1.967097e+02
2.803300e-03	-2.208558e+02
2.804000e-03	-2.206768e+02
2.853286e-03	-1.911657e+02
2.908300e-03	-1.577883e+02
2.909000e-03	-1.578340e+02
3.009100e-03	-1.975824e+02
3.010000e-03	-1.974278e+02
3.022300e-03	-1.898263e+02
3.023000e-03	-1.898633e+02
3.082429e-03	-2.125433e+02
3.127300e-03	-2.291710e+02
3.128000e-03	-2.289532e+02
3.191714e-03	-1.872736e+02
3.219300e-03	-1.690952e+02
3.220000e-03	-1.691049e+02
3.327100e-03	-2.061881e+02
3.328000e-03	-2.059882e+02
3.339300e-03	-1.984408e+02
3.340000e-03	-1.984428e+02
3.401143e-03	-2.187695e+02
3.451300e-03	-2.349166e+02
3.452000e-03	-2.346649e+02
3.530300e-03	-1.797191e+02
3.531000e-03	-1.796974e+02
3.644100e-03	-2.138170e+02
3.645000e-03	-2.135774e+02
3.657300e-03	-2.048169e+02
3.658000e-03	-2.047881e+02
3.729429e-03	-2.254233e+02
3.775300e-03	-2.382115e+02
3.776000e-03	-2.379307e+02
3.842300e-03	-1.887796e+02
3.843000e-03	-1.887308e+02
3.960100e-03	-2.196007e+02
3.961000e-03	-2.193273e+02
3.975300e-03	-2.086022e+02
3.976000e-03	-2.085473e+02
4.054857e-03	-2.284662e+02
4.098300e-03	-2.390380e+02
4.099000e-03	-2.387334e+02
4.154300e-03	-1.959558e+02
4.155000e-03	-1.958851e+02
4.276100e-03	-2.240608e+02
4.277000e-03	-2.237601e+02
4.295300e-03	-2.094703e+02
4.296000e-03	-2.093942e+02
4.391429e-03	-2.306957e+02
4.420300e-03	-2.369076e+02
4.421000e-03	-2.365852e+02
4.467487e-03	-1.994946e+02
4.468000e-03	-1.994789e+02
4.591300e-03	-2.253581e+02
4.592000e-03	-2.250307e+02
4.615300e-03	-2.063310e+02
4.616000e-03	-2.062402e+02
4.727143e-03	-2.288967e+02
4.742300e-03	-2.318882e+02
4.743000e-03	-2.315548e+02
4.780300e-03	-2.012679e+02
4.781000e-03	-2.011710e+02
4.905300e-03	-2.256174e+02
4.906000e-03	-2.252812e+02
4.935300e-03	-2.013981e+02
4.936000e-03	-2.012990e+02
5.064300e-03	-2.261544e+02
5.065000e-03	-2.258162e+02
5.094300e-03	-2.018483e+02
5.095000e-03	-2.017471e+02
5.219300e-03	-2.254947e+02
5.220000e-03	-2.251549e+02
5.257300e-03	-1.945561e+02
5.258000e-03	-1.944539e+02
5.384300e-03	-2.186794e+02
5.385000e-03	-2.183416e+02
5.408300e-03	-1.993121e+02
5.409000e-03	-1.992118e+02
5.532300e-03	-2.229975e+02
5.533000e-03	-2.226594e+02
5.579300e-03	-1.848064e+02
5.580000e-03	-1.847069e+02
5.680286e-03	-2.045539e+02
5.704300e-03	-2.093428e+02
5.705000e-03	-2.090112e+02
5.723300e-03	-1.942395e+02
5.724000e-03	-1.941457e+02
5.845300e-03	-2.187512e+02
5.846000e-03	-2.184206e+02
5.901300e-03	-1.738175e+02
5.902000e-03	-1.737265e+02
5.984571e-03	-1.911659e+02
6.024300e-03	-1.997189e+02
6.025000e-03	-1.993986e+02
6.039300e-03	-1.880971e+02
6.040000e-03	-1.880147e+02
6.157300e-03	-2.137737e+02
6.158000e-03	-2.134551e+02
6.224300e-03	-1.611524e+02
6.225000e-03	-1.610749e+02
6.282880e-03	-1.744142e+02
6.342300e-03	-1.884615e+02
6.343000e-03	-1.881572e+02
6.355300e-03	-1.787210e+02
6.356000e-03	-1.786546e+02
6.469300e-03	-2.062016e+02
6.470000e-03	-2.058999e+02
6.548300e-03	-1.461020e+02
6.549000e-03	-1.460435e+02
6.614143e-03	-1.629237e+02
6.660300e-03	-1.752129e+02
6.661000e-03	-1.749296e+02
6.672300e-03	-1.666055e+02
6.673000e-03	-1.665604e+02
6.780300e-03	-1.959902e+02
6.781000e-03	-1.957109e+02
6.865000e-03	-1.342630e+02
6.872300e-03	-1.290141e+02
6.873000e-03	-1.289805e+02
6.913880e-03	-1.409978e+02
6.977300e-03	-1.601573e+02
6.978000e-03	-1.599007e+02
6.990300e-03	-1.513076e+02
6.991000e-03	-1.512895e+02
7.091300e-03	-1.827491e+02
7.092000e-03	-1.824979e+02
7.176000e-03	-1.244552e+02
7.196300e-03	-1.106642e+02
7.197000e-03	-1.106619e+02
7.252429e-03	-1.295400e+02
7.294300e-03	-1.441567e+02
7.295000e-03	-1.439323e+02
7.309300e-03	-1.345988e+02
7.310000e-03	-1.346133e+02
7.402300e-03	-1.679161e+02
7.403000e-03	-1.676984e+02
7.489000e-03	-1.124191e+02
7.521300e-03	-9.208173e+01
7.522000e-03	-9.211612e+01
7.570864e-03	-1.113330e+02
7.609300e-03	-1.267205e+02
7.610000e-03	-1.265326e+02
7.628300e-03	-1.155437e+02
7.629000e-03	-1.155954e+02
7.712300e-03	-1.501274e+02
7.713000e-03	-1.499479e+02
7.755000e-03	-1.251348e+02
7.813571e-03	-9.097391e+01
7.845300e-03	-7.287121e+01
7.846000e-03	-7.294733e+01
7.886880e-03	-9.143227e+01
7.924300e-03	-1.086057e+02
7.925000e-03	-1.084589e+02
7.948300e-03	-9.584222e+01
7.949000e-03	-9.593604e+01
8.023300e-03	-1.312114e+02
8.024000e-03	-1.310743e+02
8.077000e-03	-1.030184e+02
8.130000e-03	-7.543198e+01
8.170300e-03	-5.498886e+01
8.171000e-03	-5.511054e+01
8.229286e-03	-8.533623e+01
8.239300e-03	-9.057471e+01
8.240000e-03	-9.047206e+01
8.269300e-03	-7.646317e+01
8.270000e-03	-7.660211e+01
8.333593e-03	-1.108628e+02
8.334000e-03	-1.108962e+02
8.398000e-03	-8.119748e+01
8.447143e-03	-5.889993e+01
8.495300e-03	-3.771042e+01
8.496000e-03	-3.788024e+01
8.552300e-03	-7.088429e+01
8.553000e-03	-7.082773e+01
8.590300e-03	-5.548105e+01
8.591000e-03	-5.566765e+01
8.643300e-03	-8.738592e+01
8.644000e-03	-8.734121e+01
8.719000e-03	-5.774611e+01
8.764286e-03	-4.043516e+01
8.820100e-03	-1.985889e+01
8.821000e-03	-2.004220e+01
8.866300e-03	-4.984180e+01
8.867000e-03	-4.983467e+01
8.912300e-03	-3.443875e+01
8.913000e-03	-3.467641e+01
8.954300e-03	-6.270026e+01
8.955000e-03	-6.270597e+01
9.026143e-03	-3.981113e+01
9.069571e-03	-2.630852e+01
9.119857e-03	-1.133199e+01
9.145300e-03	-4.030777e+00
9.146000e-03	-4.305430e+00
9.178300e-03	-2.794152e+01
9.179000e-03	-2.798523e+01
9.234300e-03	-1.328133e+01
9.235000e-03	-1.357193e+01
9.264300e-03	-3.563253e+01
9.265000e-03	-3.569015e+01
9.330714e-03	-1.946525e+01
9.378840e-03	-8.096655e+00
9.413880e-03	-2.730408e-01
9.470300e-03	1.169832e+01
9.471000e-03	1.136814e+01
9.490300e-03	-4.233154e+00
9.491000e-03	-4.329849e+00
9.548429e-03	6.578226e+00
9.558300e-03	8.347694e+00
9.559000e-03	8.001441e+00
9.575300e-03	-5.531181e+00
9.576000e-03	-5.642929e+00
9.616880e-03	1.321350e+00
9.677000e-03	1.098996e+01
9.719000e-03	1.712950e+01
9.764000e-03	2.321953e+01
9.794300e-03	2.701701e+01
9.795000e-03	2.662902e+01
9.802300e-03	2.015920e+01
9.803000e-03	2.000705e+01
9.858714e-03	2.615386e+01
9.881300e-03	2.841742e+01
9.882000e-03	2.801334e+01
9.886300e-03	2.411945e+01
9.887000e-03	2.395183e+01
9.947571e-03	2.925428e+01
1.000100e-02	3.326254e+01
1.005243e-02	3.632961e+01
1.011330e-02	3.924216e+01
1.011400e-02	3.974149e+01
1.011830e-02	4.421461e+01
1.011900e-02	4.447563e+01
1.017471e-02	4.610755e+01
1.019730e-02	4.660646e+01
1.019800e-02	4.709015e+01
1.020530e-02	5.454193e+01
1.020600e-02	5.478673e+01
1.024688e-02	5.506287e+01
1.031200e-02	5.469537e+01
1.036686e-02	5.344596e+01
1.042430e-02	5.150876e+01
1.042500e-02	5.195201e+01
1.044130e-02	6.767627e+01
1.044200e-02	6.787923e+01
1.049943e-02	6.480038e+01
1.050930e-02	6.423100e+01
1.051000e-02	6.465883e+01
1.052930e-02	8.284315e+01
1.053000e-02	8.302960e+01
1.058543e-02	7.866153e+01
1.062800e-02	7.479167e+01
1.068243e-02	6.909536e+01
1.073530e-02	6.307315e+01
1.073600e-02	6.346141e+01
1.076530e-02	8.941795e+01
1.076600e-02	8.956409e+01
1.082130e-02	8.217276e+01
1.082200e-02	8.254608e+01
1.085430e-02	1.104273e+02
1.085500e-02	1.105564e+02
1.089724e-02	1.038114e+02
1.094400e-02	9.581830e+01
1.099757e-02	8.590355e+01
1.104530e-02	7.669348e+01
1.104600e-02	7.702721e+01
1.108730e-02	1.103748e+02
1.108800e-02	1.104650e+02
1.113348e-02	1.008043e+02
1.113400e-02	1.011000e+02
1.117930e-02	1.366272e+02
1.118000e-02	1.366992e+02
1.122457e-02	1.259289e+02
1.125900e-02	1.172385e+02
1.131265e-02	1.030370e+02
1.135630e-02	9.117950e+01
1.135700e-02	9.145872e+01
1.140930e-02	1.296038e+02
1.141000e-02	1.296384e+02
1.144730e-02	1.188199e+02
1.144800e-02	1.190853e+02
1.150410e-02	1.587296e+02
1.150500e-02	1.588509e+02
1.155286e-02	1.434354e+02
1.160300e-02	1.265938e+02
1.166657e-02	1.045858e+02
1.166700e-02	1.046683e+02
1.173030e-02	1.460998e+02
1.173100e-02	1.460816e+02
1.176030e-02	1.354158e+02
1.176100e-02	1.356300e+02
1.180188e-02	1.615990e+02
1.182930e-02	1.787672e+02
1.183000e-02	1.787294e+02
1.189574e-02	1.523763e+02
1.192400e-02	1.406978e+02
1.197630e-02	1.187953e+02
1.197700e-02	1.189723e+02
1.205110e-02	1.622131e+02
1.205200e-02	1.622259e+02
1.207530e-02	1.520909e+02
1.207600e-02	1.522558e+02
1.213171e-02	1.836358e+02
1.215430e-02	1.961074e+02
1.215500e-02	1.960186e+02
1.220000e-02	1.748557e+02
1.224600e-02	1.526726e+02
1.228730e-02	1.325327e+02
1.228800e-02	1.326619e+02
1.237110e-02	1.755154e+02
1.237200e-02	1.754672e+02
1.239030e-02	1.662879e+02
1.239100e-02	1.664064e+02
1.244071e-02	1.911656e+02
1.247830e-02	2.094713e+02
1.247900e-02	2.093353e+02
1.251200e-02	1.916642e+02
1.256900e-02	1.605232e+02
1.259730e-02	1.449466e+02
1.259800e-02	1.450322e+02
1.269010e-02	1.868360e+02
1.269100e-02	1.867323e+02
1.270530e-02	1.786944e+02
1.270600e-02	1.787705e+02
1.274688e-02	1.967097e+02
1.280330e-02	2.208558e+02
1.280400e-02	2.206768e+02
1.285329e-02	1.911657e+02
1.290830e-02	1.577883e+02
1.290900e-02	1.578340e+02
1.300910e-02	1.975824e+02
1.301000e-02	1.974278e+02
1.302230e-02	1.898263e+02
1.302300e-02	1.898633e+02
1.308243e-02	2.125433e+02
1.312730e-02	2.291710e+02
1.312800e-02	2.289532e+02
1.319171e-02	1.872735e+02
1.321930e-02	1.690952e+02
1.322000e-02	1.691049e+02
1.332710e-02	2.061881e+02
1.332800e-02	2.059882e+02
1.333930e-02	1.984408e+02
1.334000e-02	1.984428e+02
1.340114e-02	2.187695e+02
1.345130e-02	2.349166e+02
1.345200e-02	2.346648e+02
1.353030e-02	1.797192e+02
1.353100e-02	1.796974e+02
1.364410e-02	2.138170e+02
1.364500e-02	2.135774e+02
1.365730e-02	2.048169e+02
1.365800e-02	2.047881e+02
1.372943e-02	2.254233e+02
1.377530e-02	2.382115e+02
1.377600e-02	2.379307e+02
1.384230e-02	1.887796e+02
1.384300e-02	1.887308e+02
1.396010e-02	2.196007e+02
1.396100e-02	2.193274e+02
1.397530e-02	2.086022e+02
1.397600e-02	2.085473e+02
1.405486e-02	2.284663e+02
1.409830e-02	2.390380e+02
1.409900e-02	2.387334e+02
1.415430e-02	1.959558e+02
1.415500e-02	1.958851e+02
1.427610e-02	2.240607e+02
1.427700e-02	2.237601e+02
1.429530e-02	2.094703e+02
1.429600e-02	2.093942e+02
1.439143e-02	2.306957e+02
1.442030e-02	2.369076e+02
1.442100e-02	2.365852e+02
1.446749e-02	1.994946e+02
1.446800e-02	1.994789e+02
1.459130e-02	2.253581e+02
1.459200e-02	2.250307e+02
1.461530e-02	2.063310e+02
1.461600e-02	2.062402e+02
1.472714e-02	2.288967e+02
1.474230e-02	2.318882e+02
1.474300e-02	2.315548e+02
1.478030e-02	2.012679e+02
1.478100e-02	2.011710e+02
1.490530e-02	2.256174e+02
1.490600e-02	2.252812e+02
1.493530e-02	2.013981e+02
1.493600e-02	2.012990e+02
1.506430e-02	2.261544e+02
1.506500e-02	2.258162e+02
1.509430e-02	2.018482e+02
1.509500e-02	2.017471e+02
1.521930e-02	2.254947e+02
1.522000e-02	2.251549e+02
1.525730e-02	1.945561e+02
1.525800e-02	1.944539e+02
1.538430e-02	2.186792e+02
1.538500e-02	2.183414e+02
1.540830e-02	1.993119e+02
1.540900e-02	1.992115e+02
1.553230e-02	2.229973e+02
1.553300e-02	2.226593e+02
1.557930e-02	1.848063e+02
1.558000e-02	1.847068e+02
1.568029e-02	2.045538e+02
1.570430e-02	2.093427e+02
1.570500e-02	2.090111e+02
1.572330e-02	1.942394e+02
1.572400e-02	1.941456e+02
1.584530e-02	2.187512e+02
1.584600e-02	2.184206e+02
1.590130e-02	1.738174e+02
1.590200e-02	1.737265e+02
1.598457e-02	1.911660e+02
1.602430e-02	1.997189e+02
1.602500e-02	1.993987e+02
1.603930e-02	1.880971e+02
1.604000e-02	1.880148e+02
1.615730e-02	2.137738e+02
1.615800e-02	2.134551e+02
1.622430e-02	1.611525e+02
1.622500e-02	1.610750e+02
1.628288e-02	1.744143e+02
1.634230e-02	1.884616e+02
1.634300e-02	1.881573e+02
1.635530e-02	1.787211e+02
1.635600e-02	1.786547e+02
1.646930e-02	2.062017e+02
1.647000e-02	2.059000e+02
1.654830e-02	1.461021e+02
1.654900e-02	1.460436e+02
1.661414e-02	1.629238e+02
1.666030e-02	1.752130e+02
1.666100e-02	1.749297e+02
1.667230e-02	1.666056e+02
1.667300e-02	1.665605e+02
1.678030e-02	1.959903e+02
1.678100e-02	1.957110e+02
1.686500e-02	1.342631e+02
1.687230e-02	1.290142e+02
1.687300e-02	1.289806e+02
1.691388e-02	1.409978e+02
1.697730e-02	1.601574e+02
1.697800e-02	1.599007e+02
1.699030e-02	1.513077e+02
1.699100e-02	1.512895e+02
1.709130e-02	1.827492e+02
1.709200e-02	1.824980e+02
1.717600e-02	1.244552e+02
1.719630e-02	1.106642e+02
1.719700e-02	1.106619e+02
1.725243e-02	1.295401e+02
1.729430e-02	1.441567e+02
1.729500e-02	1.439323e+02
1.730930e-02	1.345989e+02
1.731000e-02	1.346134e+02
1.740230e-02	1.679161e+02
1.740300e-02	1.676985e+02
1.748900e-02	1.124191e+02
1.752130e-02	9.208174e+01
1.752200e-02	9.211612e+01
1.757098e-02	1.113788e+02
1.760930e-02	1.267205e+02
1.761000e-02	1.265327e+02
1.762830e-02	1.155437e+02
1.762900e-02	1.155955e+02
1.771230e-02	1.501276e+02
1.771300e-02	1.499480e+02
1.775500e-02	1.251349e+02
1.781357e-02	9.097384e+01
1.784530e-02	7.287117e+01
1.784600e-02	7.294728e+01
1.790171e-02	9.820317e+01
1.792430e-02	1.086056e+02
1.792500e-02	1.084589e+02
1.794830e-02	9.584215e+01
1.794900e-02	9.593599e+01
1.802330e-02	1.312113e+02
1.802400e-02	1.310742e+02
1.807700e-02	1.030183e+02
1.813000e-02	7.543183e+01
1.817030e-02	5.498874e+01
1.817100e-02	5.511043e+01
1.822929e-02	8.533612e+01
1.823930e-02	9.057462e+01
1.824000e-02	9.047195e+01
1.826930e-02	7.646307e+01
1.827000e-02	7.660201e+01
1.833359e-02	1.108619e+02
1.833400e-02	1.108923e+02
1.839800e-02	8.119368e+01
1.844714e-02	5.889622e+01
1.849530e-02	3.770682e+01
1.849600e-02	3.787665e+01
1.855230e-02	7.088089e+01
1.855300e-02	7.082433e+01
1.859030e-02	5.547777e+01
1.859100e-02	5.566438e+01
1.864330e-02	8.738290e+01
1.864400e-02	8.733818e+01
1.871900e-02	5.774344e+01
1.876429e-02	4.043275e+01
1.882010e-02	1.985677e+01
1.882100e-02	2.004010e+01
1.886630e-02	4.983997e+01
1.886700e-02	4.983284e+01
1.891230e-02	3.443716e+01
1.891300e-02	3.467484e+01
1.895430e-02	6.269893e+01
1.895500e-02	6.270465e+01
1.902614e-02	3.981021e+01
1.906957e-02	2.630785e+01
1.911986e-02	1.133159e+01
1.914530e-02	4.030518e+00
1.914600e-02	4.305176e+00
1.917830e-02	2.794142e+01
1.917900e-02	2.798514e+01
1.923430e-02	1.328151e+01
1.923500e-02	1.357211e+01
1.926430e-02	3.563284e+01
1.926500e-02	3.569048e+01
1.933071e-02	1.946583e+01
1.937884e-02	8.097419e+00
1.941388e-02	2.739258e-01
1.947030e-02	-1.169727e+01
1.947100e-02	-1.136708e+01
1.949030e-02	4.234268e+00
1.949100e-02	4.330963e+00
1.954843e-02	-6.576964e+00
1.955830e-02	-8.346436e+00
1.955900e-02	-8.000183e+00
1.957530e-02	5.532471e+00
1.957600e-02	5.644211e+00
1.961688e-02	-1.319992e+00
1.967700e-02	-1.098853e+01
1.971900e-02	-1.712804e+01
1.976400e-02	-2.321806e+01
1.979430e-02	-2.701553e+01
1.979500e-02	-2.662753e+01
1.980230e-02	-2.015771e+01
1.980300e-02	-2.000557e+01
1.985871e-02	-2.615238e+01
1.988130e-02	-2.841596e+01
1.988200e-02	-2.801189e+01
1.988630e-02	-2.411800e+01
1.988700e-02	-2.395039e+01
1.994757e-02	-2.925285e+01
2.000100e-02	-3.326120e+01
2.005243e-02	-3.632837e+01
2.011330e-02	-3.924101e+01
2.011400e-02	-3.974031e+01
2.011830e-02	-4.421346e+01
2.011900e-02	-4.447449e+01
2.017471e-02	-4.610648e+01
2.019730e-02	-4.660545e+01
2.019800e-02	-4.708916e+01
2.020530e-02	-5.454095e+01
2.020600e-02	-5.478576e+01
2.024688e-02	-5.506196e+01
2.031200e-02	-5.469466e+01
2.036686e-02	-5.344535e+01
2.042430e-02	-5.150826e+01
2.042500e-02	-5.195153e+01
2.044130e-02	-6.767579e+01
2.044200e-02	-6.787875e+01
2.049943e-02	-6.480003e+01
2.050930e-02	-6.423071e+01
2.051000e-02	-6.465853e+01
2.052930e-02	-8.284288e+01
2.053000e-02	-8.302934e+01
2.058543e-02	-7.866138e+01
2.062800e-02	-7.479161e+01
2.068243e-02	-6.909540e+01
2.073530e-02	-6.307330e+01
2.073600e-02	-6.346155e+01
2.076530e-02	-8.941814e+01
2.076600e-02	-8.956427e+01
2.082130e-02	-8.217305e+01
2.082200e-02	-8.254637e+01
2.085430e-02	-1.104276e+02
2.085500e-02	-1.105567e+02
2.089721e-02	-1.038157e+02
2.094400e-02	-9.581873e+01
2.099757e-02	-8.590400e+01
2.104530e-02	-7.669403e+01
2.104600e-02	-7.702773e+01
2.108730e-02	-1.103754e+02
2.108800e-02	-1.104655e+02
2.113348e-02	-1.008049e+02
2.113400e-02	-1.011027e+02
2.117930e-02	-1.366300e+02
2.118000e-02	-1.367019e+02
2.122088e-02	-1.268206e+02
2.125900e-02	-1.172412e+02
2.131263e-02	-1.030428e+02
2.135630e-02	-9.118200e+01
2.135700e-02	-9.146124e+01
2.140930e-02	-1.296061e+02
2.141000e-02	-1.296408e+02
2.144730e-02	-1.188222e+02
2.144800e-02	-1.190876e+02
2.150410e-02	-1.587316e+02
2.150500e-02	-1.588530e+02
2.155286e-02	-1.434373e+02
2.160300e-02	-1.265955e+02
2.166657e-02	-1.045873e+02
2.166700e-02	-1.046697e+02
2.173030e-02	-1.461010e+02
2.173100e-02	-1.460828e+02
2.176030e-02	-1.354168e+02
2.176100e-02	-1.356310e+02
2.180957e-02	-1.664523e+02
2.182930e-02	-1.787680e+02
2.183000e-02	-1.787302e+02
2.189574e-02	-1.523767e+02
2.192400e-02	-1.406982e+02
2.197630e-02	-1.187955e+02
2.197700e-02	-1.189724e+02
2.205110e-02	-1.622130e+02
2.205200e-02	-1.622258e+02
2.207530e-02	-1.520907e+02
2.207600e-02	-1.522556e+02
2.213171e-02	-1.836354e+02
2.215430e-02	-1.961070e+02
2.215500e-02	-1.960181e+02
2.220000e-02	-1.748552e+02
2.226943e-02	-1.412431e+02
2.228730e-02	-1.325319e+02
2.228800e-02	-1.326612e+02
2.237110e-02	-1.755145e+02
2.237200e-02	-1.754663e+02
2.239030e-02	-1.662870e+02
2.239100e-02	-1.664054e+02
2.244071e-02	-1.911646e+02
2.247830e-02	-2.094703e+02
2.247900e-02	-2.093342e+02
2.251200e-02	-1.916631e+02
2.259300e-02	-1.472860e+02
2.259730e-02	-1.449455e+02
2.259800e-02	-1.450311e+02
2.269010e-02	-1.868349e+02
2.269100e-02	-1.867313e+02
2.270530e-02	-1.786933e+02
2.270600e-02	-1.787695e+02
2.274688e-02	-1.967087e+02
2.280330e-02	-2.208548e+02
2.280400e-02	-2.206758e+02
2.285329e-02	-1.911648e+02
2.290830e-02	-1.577875e+02
2.290900e-02	-1.578331e+02
2.300910e-02	-1.975816e+02
2.301000e-02	-1.974271e+02
2.302230e-02	-1.898256e+02
2.302300e-02	-1.898626e+02
2.308243e-02	-2.125426e+02
2.312730e-02	-2.291705e+02
2.312800e-02	-2.289527e+02
2.319171e-02	-1.872731e+02
2.321930e-02	-1.690948e+02
2.322000e-02	-1.691045e+02
2.332710e-02	-2.061879e+02
2.332800e-02	-2.059879e+02
2.333930e-02	-1.984406e+02
2.334000e-02	-1.984426e+02
2.340114e-02	-2.187694e+02
2.345130e-02	-2.349166e+02
2.345200e-02	-2.346648e+02
2.353030e-02	-1.797192e+02
2.353100e-02	-1.796974e+02
2.364410e-02	-2.138172e+02
2.364500e-02	-2.135776e+02
2.365730e-02	-2.048171e+02
2.365800e-02	-2.047883e+02
2.372943e-02	-2.254235e+02
2.377530e-02	-2.382118e+02
2.377600e-02	-2.379310e+02
2.384230e-02	-1.887799e+02
2.384300e-02	-1.887312e+02
2.396010e-02	-2.196011e+02
2.396100e-02	-2.193277e+02
2.397530e-02	-2.086026e+02
2.397600e-02	-2.085477e+02
2.405486e-02	-2.284667e+02
2.409830e-02	-2.390384e+02
2.409900e-02	-2.387338e+02
2.415430e-02	-1.959563e+02
2.415500e-02	-1.958855e+02
2.427610e-02	-2.240611e+02
2.427700e-02	-2.237605e+02
2.429530e-02	-2.094707e+02
2.429600e-02	-2.093946e+02
2.439143e-02	-2.306960e+02
2.442030e-02	-2.369079e+02
2.442100e-02	-2.365855e+02
2.446749e-02	-1.994949e+02
2.446800e-02	-1.994794e+02
2.459130e-02	-2.253585e+02
2.459200e-02	-2.250311e+02
2.461530e-02	-2.063315e+02
2.461600e-02	-2.062406e+02
2.472714e-02	-2.288970e+02
2.474230e-02	-2.318885e+02
2.474300e-02	-2.315551e+02
2.478030e-02	-2.012682e+02
2.478100e-02	-2.011712e+02
2.490530e-02	-2.256175e+02
2.490600e-02	-2.252814e+02
2.493530e-02	-2.013982e+02
2.493600e-02	-2.012991e+02
2.506430e-02	-2.261544e+02
2.506500e-02	-2.258162e+02
2.509430e-02	-2.018482e+02
2.509500e-02	-2.017471e+02
2.521930e-02	-2.254946e+02
2.522000e-02	-2.251548e+02
2.525730e-02	-1.945560e+02
2.525800e-02	-1.944538e+02
2.538430e-02	-2.186790e+02
2.538500e-02	-2.183412e+02
2.540830e-02	-1.993117e+02
2.540900e-02	-1.992114e+02
2.553230e-02	-2.229971e+02
2.553300e-02	-2.226591e+02
2.557930e-02	-1.848061e+02
2.558000e-02	-1.847066e+02
2.568029e-02	-2.045536e+02
2.570430e-02	-2.093425e+02
2.570500e-02	-2.090109e+02
2.572330e-02	-1.942392e+02
2.572400e-02	-1.941454e+02
2.584530e-02	-2.187510e+02
2.584600e-02	-2.184203e+02
2.590130e-02	-1.738172e+02
2.590200e-02	-1.737263e+02
2.598457e-02	-1.911658e+02
2.602430e-02	-1.997187e+02
2.602500e-02	-1.993985e+02
2.603930e-02	-1.880969e+02
2.604000e-02	-1.880146e+02
2.615730e-02	-2.137737e+02
2.615800e-02	-2.134550e+02
2.622430e-02	-1.611524e+02
2.622500e-02	-1.610749e+02
2.628288e-02	-1.744142e+02
2.634230e-02	-1.884616e+02
2.634300e-02	-1.881572e+02
2.635530e-02	-1.787210e+02
2.635600e-02	-1.786547e+02
2.646930e-02	-2.062017e+02
2.647000e-02	-2.059000e+02
2.654830e-02	-1.461021e+02
2.654900e-02	-1.460436e+02
2.661414e-02	-1.629238e+02
2.666030e-02	-1.752130e+02
2.666100e-02	-1.749298e+02
2.667230e-02	-1.666056e+02
2.667300e-02	-1.665606e+02
2.678030e-02	-1.959904e+02
2.678100e-02	-1.957110e+02
2.686500e-02	-1.342632e+02
2.687230e-02	-1.290143e+02
2.687300e-02	-1.289807e+02
2.691388e-02	-1.409979e+02
2.697730e-02	-1.601575e+02
2.697800e-02	-1.599008e+02
2.699030e-02	-1.513078e+02
2.699100e-02	-1.512896e+02
2.709130e-02	-1.827492e+02
2.709200e-02	-1.824981e+02
2.717600e-02	-1.244553e+02
2.719630e-02	-1.106643e+02
2.719700e-02	-1.106620e+02
2.725243e-02	-1.295402e+02
2.729430e-02	-1.441568e+02
2.729500e-02	-1.439324e+02
2.730930e-02	-1.345990e+02
2.731000e-02	-1.346135e+02
2.740230e-02	-1.679162e+02
2.740300e-02	-1.676986e+02
2.748900e-02	-1.124191e+02
2.752130e-02	-9.208180e+01
2.752200e-02	-9.211619e+01
2.757098e-02	-1.113788e+02
2.760930e-02	-1.267206e+02
2.761000e-02	-1.265327e+02
2.762830e-02	-1.155438e+02
2.762900e-02	-1.155956e+02
2.771230e-02	-1.501276e+02
2.771300e-02	-1.499481e+02
2.775500e-02	-1.251349e+02
2.781357e-02	-9.097386e+01
2.784530e-02	-7.287116e+01
2.784600e-02	-7.294730e+01
2.788688e-02	-9.143222e+01
2.792430e-02	-1.086056e+02
2.792500e-02	-1.084589e+02
2.794830e-02	-9.584216e+01
2.794900e-02	-9.593599e+01
2.802330e-02	-1.312113e+02
2.802400e-02	-1.310742e+02
2.807700e-02	-1.030183e+02
2.813000e-02	-7.543185e+01
2.817030e-02	-5.498872e+01
2.817100e-02	-5.511040e+01
2.822929e-02	-8.533610e+01
2.823930e-02	-9.057458e+01
2.824000e-02	-9.047194e+01
2.826930e-02	-7.646303e+01
2.827000e-02	-7.660199e+01
2.833359e-02	-1.108618e+02
2.833400e-02	-1.108922e+02
2.839800e-02	-8.119366e+01
2.844714e-02	-5.889620e+01
2.849530e-02	-3.770679e+01
2.849600e-02	-3.787661e+01
2.855230e-02	-7.088083e+01
2.855300e-02	-7.082430e+01
2.859030e-02	-5.547774e+01
2.859100e-02	-5.566434e+01
2.864330e-02	-8.738284e+01
2.864400e-02	-8.733813e+01
2.871900e-02	-5.774341e+01
2.876429e-02	-4.043271e+01
2.882010e-02	-1.985674e+01
2.882100e-02	-2.004006e+01
2.886630e-02	-4.983992e+01
2.886700e-02	-4.983279e+01
2.891230e-02	-3.443713e+01
2.891300e-02	-3.467480e+01
2.895430e-02	-6.269889e+01
2.895500e-02	-6.270462e+01
2.902614e-02	-3.981019e+01
2.906957e-02	-2.630782e+01
2.911986e-02	-1.133157e+01
2.914530e-02	-4.030502e+00
2.914600e-02	-4.305153e+00
2.917830e-02	-2.794141e+01
2.917900e-02	-2.798512e+01
2.923430e-02	-1.328149e+01
2.923500e-02	-1.357210e+01
2.926430e-02	-3.563283e+01
2.926500e-02	-3.569047e+01
2.933071e-02	-1.946584e+01
2.937884e-02	-8.097419e+00
2.941388e-02	-2.739258e-01
2.947030e-02	1.169727e+01
2.947100e-02	1.136708e+01
2.949030e-02	-4.234264e+00
2.949100e-02	-4.330963e+00
2.954843e-02	6.576964e+00
2.955830e-02	8.346428e+00
2.955900e-02	8.000170e+00
2.957530e-02	-5.532484e+00
2.957600e-02	-5.644211e+00
2.961688e-02	1.319977e+00
2.967700e-02	1.098851e+01
2.971900e-02	1.712802e+01
2.976400e-02	2.321804e+01
2.979430e-02	2.701552e+01
2.979500e-02	2.662752e+01
2.980230e-02	2.015771e+01
2.980300e-02	2.000555e+01
2.985871e-02	2.615236e+01
2.988130e-02	2.841594e+01
2.988200e-02	2.801188e+01
2.988630e-02	2.411798e+01
2.988700e-02	2.395036e+01
2.994757e-02	2.925285e+01
3.000100e-02	3.326118e+01
3.005243e-02	3.632835e+01
3.011330e-02	3.924100e+01
3.011400e-02	3.974028e+01
3.011830e-02	4.421346e+01
3.011900e-02	4.447447e+01
3.017471e-02	4.610648e+01
3.019730e-02	4.660544e+01
3.019800e-02	4.708914e+01
3.020530e-02	5.454094e+01
3.020600e-02	5.478575e+01
3.024688e-02	5.506195e+01
3.031200e-02	5.469461e+01
3.036686e-02	5.344535e+01
3.042430e-02	5.150826e+01
3.042500e-02	5.195151e+01
3.044130e-02	6.767578e+01
3.044200e-02	6.787877e+01
3.049943e-02	6.480003e+01
3.050930e-02	6.423068e+01
3.051000e-02	6.465852e+01
3.052930e-02	8.284285e+01
3.053000e-02	8.302934e+01
3.058543e-02	7.866137e+01
3.062800e-02	7.479160e+01
3.068243e-02	6.909538e+01
3.073530e-02	6.307330e+01
3.073600e-02	6.346155e+01
3.076530e-02	8.941812e+01
3.076600e-02	8.956425e+01
3.082130e-02	8.217305e+01
3.082200e-02	8.254637e+01
3.085430e-02	1.104276e+02
3.085500e-02	1.105567e+02
3.089721e-02	1.038157e+02
3.094400e-02	9.581873e+01
3.099757e-02	8.590401e+01
3.104530e-02	7.669405e+01
3.104600e-02	7.702774e+01
3.108730e-02	1.103754e+02
3.108800e-02	1.104655e+02
3.113348e-02	1.008049e+02
3.113400e-02	1.011027e+02
3.117930e-02	1.366300e+02
3.118000e-02	1.367020e+02
3.122457e-02	1.259316e+02
3.125900e-02	1.172412e+02
3.131263e-02	1.030428e+02
3.135630e-02	9.118202e+01
3.135700e-02	9.146123e+01
3.140930e-02	1.296062e+02
3.141000e-02	1.296408e+02
3.144730e-02	1.188222e+02
3.144800e-02	1.190876e+02
3.150410e-02	1.587316e+02
3.150500e-02	1.588530e+02
3.152540e-02	1.523677e+02
3.157300e-02	1.367586e+02
3.163000e-02	1.172889e+02
3.166657e-02	1.045873e+02
3.166700e-02	1.046697e+02
3.173030e-02	1.461010e+02
3.173100e-02	1.460828e+02
3.176030e-02	1.354168e+02
3.176100e-02	1.356310e+02
3.180957e-02	1.664523e+02
3.182930e-02	1.787680e+02
3.183000e-02	1.787302e+02
3.189574e-02	1.523767e+02
3.192400e-02	1.406982e+02
3.197630e-02	1.187955e+02
3.197700e-02	1.189724e+02
3.205110e-02	1.622130e+02
3.205200e-02	1.622258e+02
3.207530e-02	1.520907e+02
3.207600e-02	1.522556e+02
3.213171e-02	1.836354e+02
3.215430e-02	1.961070e+02
3.215500e-02	1.960181e+02
3.220000e-02	1.748551e+02
3.224600e-02	1.526719e+02
3.228730e-02	1.325320e+02
3.228800e-02	1.326612e+02
3.237110e-02	1.755145e+02
3.237200e-02	1.754663e+02
3.239030e-02	1.662870e+02
3.239100e-02	1.664055e+02
3.244071e-02	1.911646e+02
3.247830e-02	2.094703e+02
3.247900e-02	2.093342e+02
3.251200e-02	1.916631e+02
3.256900e-02	1.605222e+02
3.259730e-02	1.449455e+02
3.259800e-02	1.450311e+02
3.269010e-02	1.868349e+02
3.269100e-02	1.867313e+02
3.270530e-02	1.786933e+02
3.270600e-02	1.787695e+02
3.274688e-02	1.967087e+02
3.280330e-02	2.208548e+02
3.280400e-02	2.206758e+02
3.285329e-02	1.911648e+02
3.290830e-02	1.577875e+02
3.290900e-02	1.578331e+02
3.300910e-02	1.975816e+02
3.301000e-02	1.974271e+02
3.302230e-02	1.898256e+02
3.302300e-02	1.898626e+02
3.308243e-02	2.125426e+02
3.312730e-02	2.291705e+02
3.312800e-02	2.289527e+02
3.319171e-02	1.872731e+02
3.321930e-02	1.690948e+02
3.322000e-02	1.691045e+02
3.332710e-02	2.061879e+02
3.332800e-02	2.059879e+02
3.333930e-02	1.984406e+02
3.334000e-02	1.984426e+02
3.340114e-02	2.187694e+02
3.345130e-02	2.349166e+02
3.345200e-02	2.346648e+02
3.353030e-02	1.797192e+02
3.353100e-02	1.796974e+02
3.364410e-02	2.138172e+02
3.364500e-02	2.135776e+02
3.365730e-02	2.048171e+02
3.365800e-02	2.047883e+02
3.372943e-02	2.254235e+02
3.377530e-02	2.382118e+02
3.377600e-02	2.379310e+02
3.384230e-02	1.887799e+02
3.384300e-02	1.887312e+02
3.396010e-02	2.196011e+02
3.396100e-02	2.193277e+02
3.397530e-02	2.086026e+02
3.397600e-02	2.085477e+02
3.405486e-02	2.284666e+02
3.409830e-02	2.390384e+02
3.409900e-02	2.387338e+02
3.415430e-02	1.959563e+02
3.415500e-02	1.958855e+02
3.427610e-02	2.240611e+02
3.427700e-02	2.237605e+02
3.429530e-02	2.094707e+02
3.429600e-02	2.093946e+02
3.439143e-02	2.306960e+02
3.442030e-02	2.369079e+02
3.442100e-02	2.365855e+02
3.446749e-02	1.994949e+02
3.446800e-02	1.994793e+02
3.459130e-02	2.253585e+02
3.459200e-02	2.250311e+02
3.461530e-02	2.063315e+02
3.461600e-02	2.062406e+02
3.472714e-02	2.288970e+02
3.474230e-02	2.318885e+02
3.474300e-02	2.315551e+02
3.478030e-02	2.012682e+02
3.478100e-02	2.011712e+02
3.490530e-02	2.256176e+02
3.490600e-02	2.252814e+02
3.493530e-02	2.013982e+02
3.493600e-02	2.012991e+02
3.506430e-02	2.261545e+02
3.506500e-02	2.258163e+02
3.509430e-02	2.018483e+02
3.509500e-02	2.017471e+02
3.521930e-02	2.254947e+02
3.522000e-02	2.251549e+02
3.525730e-02	1.945560e+02
3.525800e-02	1.944538e+02
3.538430e-02	2.186792e+02
3.538500e-02	2.183414e+02
3.540830e-02	1.993119e+02
3.540900e-02	1.992116e+02
3.553230e-02	2.229973e+02
3.553300e-02	2.226592e+02
3.557930e-02	1.848062e+02
3.558000e-02	1.847067e+02
3.568029e-02	2.045537e+02
3.570430e-02	2.093426e+02
3.570500e-02	2.090110e+02
3.572330e-02	1.942393e+02
3.572400e-02	1.941455e+02
3.584530e-02	2.187510e+02
3.584600e-02	2.184204e+02
3.590130e-02	1.738173e+02
3.590200e-02	1.737263e+02
3.598457e-02	1.911658e+02
3.602430e-02	1.997187e+02
3.602500e-02	1.993985e+02
3.603930e-02	1.880969e+02
3.604000e-02	1.880146e+02
3.615730e-02	2.137736e+02
3.615800e-02	2.134549e+02
3.622430e-02	1.611523e+02
3.622500e-02	1.610748e+02
3.628288e-02	1.744141e+02
3.634230e-02	1.884615e+02
3.634300e-02	1.881571e+02
3.635530e-02	1.787209e+02
3.635600e-02	1.786545e+02
3.646930e-02	2.062016e+02
3.647000e-02	2.058998e+02
3.654830e-02	1.461020e+02
3.654900e-02	1.460435e+02
3.661414e-02	1.629237e+02
3.666030e-02	1.752129e+02
3.666100e-02	1.749296e+02
3.667230e-02	1.666055e+02
3.667300e-02	1.665605e+02
3.678030e-02	1.959903e+02
3.678100e-02	1.957110e+02
3.686500e-02	1.342631e+02
3.687230e-02	1.290142e+02
3.687300e-02	1.289806e+02
3.691388e-02	1.409978e+02
3.697730e-02	1.601574e+02
3.697800e-02	1.599007e+02
3.699030e-02	1.513077e+02
3.699100e-02	1.512896e+02
3.709130e-02	1.827492e+02
3.709200e-02	1.824980e+02
3.717600e-02	1.244552e+02
3.719630e-02	1.106643e+02
3.719700e-02	1.106620e+02
3.725243e-02	1.295401e+02
3.729430e-02	1.441567e+02
3.729500e-02	1.439323e+02
3.730930e-02	1.345989e+02
3.731000e-02	1.346134e+02
3.740230e-02	1.679162e+02
3.740300e-02	1.676985e+02
3.748900e-02	1.124191e+02
3.752130e-02	9.208180e+01
3.752200e-02	9.211620e+01
3.757086e-02	1.113330e+02
3.760930e-02	1.267205e+02
3.761000e-02	1.265327e+02
3.762830e-02	1.155437e+02
3.762900e-02	1.155955e+02
3.771230e-02	1.501275e+02
3.771300e-02	1.499479e+02
3.775500e-02	1.251348e+02
3.781357e-02	9.097392e+01
3.784530e-02	7.287123e+01
3.784600e-02	7.294737e+01
3.790171e-02	9.820323e+01
3.792430e-02	1.086057e+02
3.792500e-02	1.084589e+02
3.794830e-02	9.584224e+01
3.794900e-02	9.593604e+01
3.802330e-02	1.312114e+02
3.802400e-02	1.310743e+02
3.807700e-02	1.030184e+02
3.813000e-02	7.543198e+01
3.817030e-02	5.498885e+01
3.817100e-02	5.511052e+01
3.822929e-02	8.533622e+01
3.823930e-02	9.057469e+01
3.824000e-02	9.047203e+01
3.826930e-02	7.646315e+01
3.827000e-02	7.660211e+01
3.833359e-02	1.108627e+02
3.833400e-02	1.108961e+02
3.839800e-02	8.119745e+01
3.844714e-02	5.889988e+01
3.849530e-02	3.771037e+01
3.849600e-02	3.788020e+01
3.855230e-02	7.088425e+01
3.855300e-02	7.082771e+01
3.859030e-02	5.548100e+01
3.859100e-02	5.566762e+01
3.864330e-02	8.738588e+01
3.864400e-02	8.734116e+01
3.871900e-02	5.774608e+01
3.876429e-02	4.043512e+01
3.882010e-02	1.985886e+01
3.882100e-02	2.004218e+01
3.886630e-02	4.984178e+01
3.886700e-02	4.983464e+01
3.891230e-02	3.443872e+01
3.891300e-02	3.467638e+01
3.895430e-02	6.270024e+01
3.895500e-02	6.270595e+01
3.902614e-02	3.981111e+01
3.906957e-02	2.630849e+01
3.911986e-02	1.133197e+01
3.914530e-02	4.030762e+00
3.914600e-02	4.305405e+00
3.917830e-02	2.794151e+01
3.917900e-02	2.798521e+01
3.923430e-02	1.328131e+01
3.923500e-02	1.357191e+01
3.926430e-02	3.563252e+01
3.926500e-02	3.569016e+01
3.933071e-02	1.946523e+01
3.937300e-02	9.441833e+00
3.941388e-02	2.730255e-01
3.947030e-02	-1.169832e+01
3.947100e-02	-1.136813e+01
3.949030e-02	4.233154e+00
3.949100e-02	4.329849e+00
3.954843e-02	-6.578216e+00
3.955830e-02	-8.347702e+00
3.955900e-02	-8.001434e+00
3.957530e-02	5.531189e+00
3.957600e-02	5.642929e+00
3.961688e-02	-1.321365e+00
3.967700e-02	-1.098994e+01
3.971900e-02	-1.712949e+01
3.976400e-02	-2.321954e+01
3.979430e-02	-2.701700e+01
3.979500e-02	-2.662900e+01
3.980230e-02	-2.015919e+01
3.980300e-02	-2.000703e+01
3.985871e-02	-2.615384e+01
3.988130e-02	-2.841740e+01
3.988200e-02	-2.801334e+01
3.988630e-02	-2.411942e+01
3.988700e-02	-2.395181e+01
3.994757e-02	-2.925425e+01
4.000100e-02	-3.326251e+01
4.005243e-02	-3.632960e+01
4.011330e-02	-3.924214e+01
4.011400e-02	-3.974145e+01
4.011830e-02	-4.421459e+01
4.011900e-02	-4.447562e+01
4.017471e-02	-4.610752e+01
4.019730e-02	-4.660643e+01
4.019800e-02	-4.709014e+01
4.020530e-02	-5.454191e+01
4.020600e-02	-5.478672e+01
4.024688e-02	-5.506284e+01
4.031200e-02	-5.469537e+01
4.036686e-02	-5.344596e+01
4.042430e-02	-5.150874e+01
4.042500e-02	-5.195201e+01
4.044130e-02	-6.767624e+01
4.044200e-02	-6.787920e+01
4.049943e-02	-6.480037e+01
4.050930e-02	-6.423100e+01
4.051000e-02	-6.465882e+01
4.052930e-02	-8.284313e+01
4.053000e-02	-8.302959e+01
4.058543e-02	-7.866151e+01
4.062800e-02	-7.479166e+01
4.068243e-02	-6.909536e+01
4.073530e-02	-6.307316e+01
4.073600e-02	-6.346141e+01
4.076530e-02	-8.941795e+01
4.076600e-02	-8.956407e+01
4.082130e-02	-8.217278e+01
4.082200e-02	-8.254610e+01
4.085430e-02	-1.104273e+02
4.085500e-02	-1.105564e+02
4.089724e-02	-1.038114e+02
4.094400e-02	-9.581830e+01
4.099757e-02	-8.590355e+01
4.104530e-02	-7.669352e+01
4.104600e-02	-7.702721e+01
4.108730e-02	-1.103749e+02
4.108800e-02	-1.104650e+02
4.113348e-02	-1.008043e+02
4.113400e-02	-1.011000e+02
4.117930e-02	-1.366273e+02
4.118000e-02	-1.366992e+02
4.122088e-02	-1.268179e+02
4.125900e-02	-1.172385e+02
4.131265e-02	-1.030370e+02
4.135630e-02	-9.117952e+01
4.135700e-02	-9.145875e+01
4.140930e-02	-1.296038e+02
4.141000e-02	-1.296384e+02
4.144730e-02	-1.188200e+02
4.144800e-02	-1.190853e+02
4.150410e-02	-1.587296e+02
4.150500e-02	-1.588509e+02
4.155286e-02	-1.434354e+02
4.160300e-02	-1.265938e+02
4.166657e-02	-1.045858e+02
4.166700e-02	-1.046683e+02
4.173030e-02	-1.460998e+02
4.173100e-02	-1.460816e+02
4.176030e-02	-1.354158e+02
4.176100e-02	-1.356300e+02
4.180957e-02	-1.664515e+02
4.182930e-02	-1.787672e+02
4.183000e-02	-1.787295e+02
4.189574e-02	-1.523763e+02
4.192400e-02	-1.406978e+02
4.197630e-02	-1.187954e+02
4.197700e-02	-1.189723e+02
4.205110e-02	-1.622131e+02
4.205200e-02	-1.622259e+02
4.207530e-02	-1.520909e+02
4.207600e-02	-1.522558e+02
4.213171e-02	-1.836358e+02
4.215430e-02	-1.961074e+02
4.215500e-02	-1.960186e+02
4.220000e-02	-1.748557e+02
4.226943e-02	-1.412438e+02
4.228730e-02	-1.325327e+02
4.228800e-02	-1.326620e+02
4.237110e-02	-1.755154e+02
4.237200e-02	-1.754672e+02
4.239030e-02	-1.662879e+02
4.239100e-02	-1.664064e+02
4.244071e-02	-1.911656e+02
4.247830e-02	-2.094713e+02
4.247900e-02	-2.093352e+02
4.251200e-02	-1.916641e+02
4.259300e-02	-1.472871e+02
4.259730e-02	-1.449465e+02
4.259800e-02	-1.450322e+02
4.269010e-02	-1.868360e+02
4.269100e-02	-1.867323e+02
4.270530e-02	-1.786944e+02
4.270600e-02	-1.787705e+02
4.274688e-02	-1.967097e+02
4.280330e-02	-2.208558e+02
4.280400e-02	-2.206768e+02
4.285329e-02	-1.911657e+02
4.290830e-02	-1.577883e+02
4.290900e-02	-1.578340e+02
4.300910e-02	-1.975824e+02
4.301000e-02	-1.974278e+02
4.302230e-02	-1.898263e+02
4.302300e-02	-1.898633e+02
4.308243e-02	-2.125433e+02
4.312730e-02	-2.291710e+02
4.312800e-02	-2.289532e+02
4.319171e-02	-1.872735e+02
4.321930e-02	-1.690952e+02
4.322000e-02	-1.691049e+02
4.332710e-02	-2.061881e+02
4.332800e-02	-2.059882e+02
4.333930e-02	-1.984408e+02
4.334024e-02	-1.985240e+02
4.340125e-02	-2.188031e+02
4.345130e-02	-2.349166e+02
4.345200e-02	-2.346649e+02
4.353030e-02	-1.797191e+02
4.353100e-02	-1.796974e+02
4.364410e-02	-2.138170e+02
4.364500e-02	-2.135774e+02
4.365730e-02	-2.048169e+02
4.365800e-02	-2.047881e+02
4.372943e-02	-2.254233e+02
4.377530e-02	-2.382115e+02
4.377600e-02	-2.379307e+02
4.384230e-02	-1.887796e+02
4.384300e-02	-1.887308e+02
4.396010e-02	-2.196007e+02
4.396100e-02	-2.193274e+02
4.397530e-02	-2.086022e+02
4.397600e-02	-2.085473e+02
4.405486e-02	-2.284662e+02
4.409830e-02	-2.390380e+02
4.409900e-02	-2.387334e+02
4.415430e-02	-1.959559e+02
4.415500e-02	-1.958851e+02
4.427610e-02	-2.240608e+02
4.427700e-02	-2.237601e+02
4.429530e-02	-2.094703e+02
4.429600e-02	-2.093942e+02
4.439143e-02	-2.306957e+02
4.442030e-02	-2.369076e+02
4.442100e-02	-2.365852e+02
4.446749e-02	-1.994946e+02
4.446800e-02	-1.994789e+02
4.459130e-02	-2.253581e+02
4.459200e-02	-2.250307e+02
4.461530e-02	-2.063311e+02
4.461600e-02	-2.062402e+02
4.472714e-02	-2.288967e+02
4.474230e-02	-2.318882e+02
4.474300e-02	-2.315548e+02
4.478030e-02	-2.012679e+02
4.478100e-02	-2.011710e+02
4.490530e-02	-2.256174e+02
4.490600e-02	-2.252812e+02
4.493530e-02	-2.013981e+02
4.493600e-02	-2.012990e+02
4.506430e-02	-2.261544e+02
4.506500e-02	-2.258162e+02
4.509430e-02	-2.018482e+02
4.509500e-02	-2.017471e+02
4.521930e-02	-2.254947e+02
4.522000e-02	-2.251549e+02
4.525730e-02	-1.945561e+02
4.525800e-02	-1.944539e+02
4.538430e-02	-2.186792e+02
4.538500e-02	-2.183414e+02
4.540830e-02	-1.993119e+02
4.540900e-02	-1.992116e+02
4.553230e-02	-2.229973e+02
4.553300e-02	-2.226593e+02
4.557930e-02	-1.848063e+02
4.558000e-02	-1.847068e+02
4.568029e-02	-2.045538e+02
4.570430e-02	-2.093427e+02
4.570500e-02	-2.090111e+02
4.572330e-02	-1.942394e+02
4.572400e-02	-1.941456e+02
4.584530e-02	-2.187512e+02
4.584600e-02	-2.184206e+02
4.590130e-02	-1.738174e+02
4.590200e-02	-1.737265e+02
4.598457e-02	-1.911660e+02
4.602430e-02	-1.997189e+02
4.602500e-02	-1.993987e+02
4.603930e-02	-1.880971e+02
4.604000e-02	-1.880148e+02
4.615730e-02	-2.137738e+02
4.615800e-02	-2.134551e+02
4.622430e-02	-1.611525e+02
4.622500e-02	-1.610750e+02
4.628288e-02	-1.744143e+02
4.634230e-02	-1.884617e+02
4.634300e-02	-1.881573e+02
4.635530e-02	-1.787211e+02
4.635600e-02	-1.786547e+02
4.646930e-02	-2.062017e+02
4.647000e-02	-2.059000e+02
4.654830e-02	-1.461021e+02
4.654900e-02	-1.460436e+02
4.661414e-02	-1.629238e+02
4.666030e-02	-1.752130e+02
4.666100e-02	-1.749297e+02
4.667230e-02	-1.666056e+02
4.667300e-02	-1.665605e+02
4.678030e-02	-1.959903e+02
4.678100e-02	-1.957110e+02
4.686500e-02	-1.342631e+02
4.687230e-02	-1.290142e+02
4.687300e-02	-1.289806e+02
4.691388e-02	-1.409978e+02
4.697730e-02	-1.601574e+02
4.697800e-02	-1.599007e+02
4.699030e-02	-1.513077e+02
4.699100e-02	-1.512896e+02
4.709130e-02	-1.827492e+02
4.709200e-02	-1.824980e+02
4.717600e-02	-1.244552e+02
4.719630e-02	-1.106642e+02
4.719700e-02	-1.106619e+02
4.725243e-02	-1.295401e+02
4.729430e-02	-1.441567e+02
4.729500e-02	-1.439323e+02
4.730930e-02	-1.345989e+02
4.731000e-02	-1.346134e+02
4.740230e-02	-1.679162e+02
4.740300e-02	-1.676985e+02
4.748900e-02	-1.124191e+02
4.752130e-02	-9.208173e+01
4.752200e-02	-9.211612e+01
4.757098e-02	-1.113788e+02
4.760930e-02	-1.267205e+02
4.761000e-02	-1.265327e+02
4.762830e-02	-1.155437e+02
4.762900e-02	-1.155955e+02
4.771230e-02	-1.501275e+02
4.771300e-02	-1.499480e+02
4.775500e-02	-1.251349e+02
4.781357e-02	-9.097383e+01
4.784530e-02	-7.287115e+01
4.784600e-02	-7.294727e+01
4.788688e-02	-9.143220e+01
4.792430e-02	-1.086056e+02
4.792500e-02	-1.084589e+02
4.794830e-02	-9.584216e+01
4.794900e-02	-9.593598e+01
4.802330e-02	-1.312113e+02
4.802400e-02	-1.310742e+02
4.807700e-02	-1.030183e+02
4.813000e-02	-7.543186e+01
4.817030e-02	-5.498873e+01
4.817100e-02	-5.511041e+01
4.822929e-02	-8.533612e+01
4.823930e-02	-9.057460e+01
4.824000e-02	-9.047195e+01
4.826930e-02	-7.646306e+01
4.827000e-02	-7.660201e+01
4.833359e-02	-1.108619e+02
4.833400e-02	-1.108922e+02
4.839800e-02	-8.119368e+01
4.844714e-02	-5.889622e+01
4.849530e-02	-3.770683e+01
4.849600e-02	-3.787665e+01
4.855230e-02	-7.088087e+01
4.855300e-02	-7.082433e+01
4.859030e-02	-5.547778e+01
4.859100e-02	-5.566438e+01
4.864330e-02	-8.738288e+01
4.864400e-02	-8.733817e+01
4.871900e-02	-5.774344e+01
4.876429e-02	-4.043275e+01
4.882010e-02	-1.985678e+01
4.882100e-02	-2.004010e+01
4.886630e-02	-4.983996e+01
4.886700e-02	-4.983284e+01
4.891230e-02	-3.443716e+01
4.891300e-02	-3.467483e+01
4.895430e-02	-6.269893e+01
4.895500e-02	-6.270465e+01
4.902614e-02	-3.981022e+01
4.906957e-02	-2.630785e+01
4.911986e-02	-1.133159e+01
4.914530e-02	-4.030518e+00
4.914600e-02	-4.305171e+00
4.917830e-02	-2.794143e+01
4.917900e-02	-2.798514e+01
4.923430e-02	-1.328151e+01
4.923500e-02	-1.357211e+01
4.926430e-02	-3.563284e+01
4.926500e-02	-3.569048e+01
4.933071e-02	-1.946584e+01
4.937884e-02	-8.097426e+00
4.941388e-02	-2.739258e-01
4.947030e-02	1.169727e+01
4.947100e-02	1.136708e+01
4.949030e-02	-4.234261e+00
4.949100e-02	-4.330963e+00
4.954843e-02	6.576964e+00
4.955830e-02	8.346436e+00
4.955900e-02	8.000175e+00
4.957530e-02	-5.532480e+00
4.957600e-02	-5.644211e+00
4.961688e-02	1.319992e+00
4.967700e-02	1.098853e+01
4.971900e-02	1.712802e+01
4.976400e-02	2.321805e+01
4.979430e-02	2.701553e+01
4.979500e-02	2.662753e+01
4.980230e-02	2.015772e+01
4.980300e-02	2.000557e+01
4.985871e-02	2.615238e+01
4.988130e-02	2.841595e+01
4.988200e-02	2.801189e+01
4.988630e-02	2.411800e+01
4.988700e-02	2.395038e+01
4.994757e-02	2.925285e+01
5.000000e-02	3.319383e+01
