time	V(b,n)
0.000000e+00	2.028392e+02
6.300000e-06	1.986249e+02
7.000000e-06	1.986247e+02
6.757143e-05	2.185904e+02
1.183000e-04	2.347853e+02
1.190000e-04	2.345317e+02
1.973000e-04	1.793950e+02
1.980000e-04	1.793716e+02
3.111000e-04	2.132657e+02
3.120000e-04	2.130246e+02
3.233000e-04	2.049607e+02
3.240000e-04	2.049308e+02
3.954286e-04	2.254593e+02
4.413000e-04	2.381830e+02
4.420000e-04	2.379012e+02
5.093000e-04	1.879196e+02
5.100000e-04	1.878700e+02
6.271000e-04	2.186383e+02
6.280000e-04	2.183646e+02
6.423000e-04	2.076326e+02
6.430000e-04	2.075773e+02
7.218571e-04	2.274786e+02
7.653000e-04	2.380537e+02
7.660000e-04	2.377492e+02
8.213000e-04	1.949892e+02
8.220000e-04	1.949188e+02
9.431000e-04	2.231774e+02
9.440000e-04	2.228776e+02
9.613000e-04	2.093872e+02
9.620000e-04	2.093118e+02
1.057714e-03	2.307666e+02
1.087300e-03	2.371564e+02
1.088000e-03	2.368345e+02
1.133479e-03	2.005776e+02
1.134000e-03	2.005714e+02
1.258300e-03	2.266820e+02
1.259000e-03	2.263543e+02
1.281300e-03	2.084517e+02
1.282000e-03	2.083606e+02
1.394143e-03	2.311107e+02
1.409300e-03	2.340780e+02
1.410000e-03	2.337435e+02
1.447300e-03	2.033875e+02
1.448000e-03	2.032892e+02
1.572300e-03	2.274295e+02
1.573000e-03	2.270914e+02
1.602300e-03	2.031222e+02
1.603000e-03	2.030210e+02
1.730300e-03	2.272701e+02
1.731000e-03	2.269295e+02
1.760300e-03	2.028623e+02
1.761000e-03	2.027587e+02
1.886300e-03	2.262695e+02
1.887000e-03	2.259273e+02
1.923300e-03	1.960252e+02
1.924000e-03	1.959205e+02
2.051300e-03	2.198789e+02
2.052000e-03	2.195385e+02
2.075300e-03	2.004220e+02
2.076000e-03	2.003191e+02
2.199300e-03	2.236438e+02
2.200000e-03	2.233031e+02
2.245300e-03	1.861017e+02
2.246000e-03	1.859996e+02
2.347286e-03	2.056644e+02
2.371300e-03	2.103625e+02
2.372000e-03	2.100282e+02
2.390300e-03	1.951872e+02
2.391000e-03	1.950907e+02
2.511300e-03	2.190445e+02
2.512000e-03	2.187114e+02
2.568300e-03	1.731076e+02
2.569000e-03	1.730144e+02
2.637429e-03	1.872226e+02
2.690300e-03	1.984590e+02
2.691000e-03	1.981372e+02
2.705300e-03	1.868044e+02
2.706000e-03	1.867206e+02
2.824300e-03	2.125132e+02
2.825000e-03	2.121938e+02
2.891300e-03	1.598362e+02
2.892000e-03	1.597583e+02
2.949880e-03	1.730780e+02
3.009300e-03	1.871264e+02
3.010000e-03	1.868222e+02
3.022300e-03	1.773895e+02
3.023000e-03	1.773234e+02
3.135300e-03	2.047009e+02
3.136000e-03	2.043999e+02
3.214300e-03	1.446998e+02
3.215000e-03	1.446422e+02
3.281143e-03	1.618955e+02
3.327300e-03	1.742757e+02
3.328000e-03	1.739938e+02
3.339300e-03	1.656929e+02
3.340000e-03	1.656492e+02
3.447300e-03	1.953085e+02
3.448000e-03	1.950307e+02
3.531000e-03	1.344907e+02
3.538300e-03	1.292558e+02
3.539000e-03	1.292236e+02
3.579880e-03	1.413150e+02
3.644300e-03	1.608880e+02
3.645000e-03	1.606325e+02
3.657300e-03	1.520587e+02
3.658000e-03	1.520416e+02
3.758300e-03	1.836250e+02
3.759000e-03	1.833745e+02
3.843000e-03	1.253913e+02
3.863300e-03	1.116090e+02
3.864000e-03	1.116069e+02
3.918857e-03	1.302985e+02
3.960300e-03	1.447613e+02
3.961000e-03	1.445367e+02
3.975300e-03	1.351996e+02
3.976000e-03	1.352139e+02
4.068300e-03	1.684800e+02
4.069000e-03	1.682620e+02
4.155000e-03	1.129314e+02
4.187300e-03	9.257146e+01
4.188000e-03	9.260535e+01
4.237240e-03	1.119353e+02
4.276300e-03	1.275458e+02
4.277000e-03	1.273574e+02
4.295300e-03	1.163552e+02
4.296000e-03	1.164064e+02
4.379300e-03	1.508651e+02
4.380000e-03	1.506849e+02
4.421000e-03	1.264179e+02
4.480571e-03	9.159944e+01
4.512300e-03	7.345874e+01
4.513000e-03	7.353401e+01
4.568714e-03	9.871875e+01
4.591300e-03	1.090915e+02
4.592000e-03	1.089439e+02
4.615300e-03	9.629610e+01
4.616000e-03	9.638899e+01
4.689300e-03	1.310869e+02
4.690000e-03	1.309487e+02
4.743000e-03	1.028228e+02
4.797000e-03	7.465883e+01
4.837300e-03	5.418643e+01
4.838000e-03	5.430769e+01
4.895429e-03	8.405560e+01
4.905300e-03	8.921375e+01
4.906000e-03	8.911079e+01
4.935300e-03	7.509145e+01
4.936000e-03	7.523021e+01
5.000574e-03	1.100249e+02
5.001000e-03	1.100306e+02
5.065000e-03	8.035699e+01
5.114143e-03	5.808830e+01
5.162300e-03	3.693411e+01
5.163000e-03	3.710451e+01
5.219300e-03	7.015866e+01
5.220000e-03	7.010280e+01
5.257300e-03	5.479362e+01
5.258000e-03	5.498097e+01
5.310300e-03	8.675679e+01
5.311000e-03	8.671288e+01
5.385000e-03	5.759543e+01
5.431286e-03	3.995507e+01
5.487100e-03	1.945187e+01
5.488000e-03	1.963638e+01
5.532300e-03	4.883066e+01
5.533000e-03	4.882430e+01
5.579300e-03	3.314963e+01
5.580000e-03	3.338838e+01
5.620300e-03	6.079617e+01
5.621000e-03	6.080302e+01
5.692143e-03	3.804176e+01
5.736571e-03	2.433333e+01
5.786857e-03	9.496919e+00
5.812300e-03	2.271454e+00
5.813000e-03	2.548264e+00
5.845300e-03	2.628590e+01
5.846000e-03	2.633188e+01
5.901300e-03	1.181168e+01
5.902000e-03	1.210468e+01
5.931300e-03	3.426660e+01
5.932000e-03	3.432666e+01
5.997714e-03	1.833561e+01
6.045840e-03	7.141356e+00
6.080880e-03	-5.551758e-01
6.136300e-03	-1.212369e+01
6.137000e-03	-1.179124e+01
6.157300e-03	4.688187e+00
6.158000e-03	4.787277e+00
6.214571e-03	-5.781981e+00
6.224300e-03	-7.498077e+00
6.225000e-03	-7.149948e+00
6.241300e-03	6.425369e+00
6.242000e-03	6.538879e+00
6.282880e-03	-3.294067e-01
6.343000e-03	-9.876724e+00
6.386000e-03	-1.609108e+01
6.431000e-03	-2.211277e+01
6.461300e-03	-2.587140e+01
6.462000e-03	-2.548262e+01
6.469300e-03	-1.900479e+01
6.470000e-03	-1.885188e+01
6.525714e-03	-2.495096e+01
6.548300e-03	-2.720041e+01
6.549000e-03	-2.679597e+01
6.552300e-03	-2.381428e+01
6.553000e-03	-2.364648e+01
6.614143e-03	-2.898306e+01
6.667000e-03	-3.294153e+01
6.718857e-03	-3.603127e+01
6.780000e-03	-3.892033e+01
6.780700e-03	-3.919347e+01
6.785300e-03	-4.393769e+01
6.786000e-03	-4.419862e+01
6.841714e-03	-4.582733e+01
6.864300e-03	-4.632600e+01
6.865000e-03	-4.680971e+01
6.872300e-03	-5.426163e+01
6.873000e-03	-5.450645e+01
6.913880e-03	-5.478500e+01
6.978000e-03	-5.443997e+01
7.033857e-03	-5.318626e+01
7.091300e-03	-5.126308e+01
7.092000e-03	-5.170654e+01
7.108300e-03	-6.743537e+01
7.109000e-03	-6.763857e+01
7.165571e-03	-6.462973e+01
7.175300e-03	-6.407439e+01
7.176000e-03	-6.450261e+01
7.196300e-03	-8.363954e+01
7.197000e-03	-8.382618e+01
7.252429e-03	-7.946455e+01
7.295000e-03	-7.559253e+01
7.349429e-03	-6.988175e+01
7.402300e-03	-6.383662e+01
7.403000e-03	-6.422451e+01
7.431300e-03	-8.928118e+01
7.432000e-03	-8.942708e+01
7.488300e-03	-8.187750e+01
7.489000e-03	-8.225047e+01
7.521300e-03	-1.101166e+02
7.522000e-03	-1.102454e+02
7.563884e-03	-1.035440e+02
7.610000e-03	-9.565579e+01
7.664571e-03	-8.555273e+01
7.712300e-03	-7.633753e+01
7.713000e-03	-7.667120e+01
7.754300e-03	-1.100186e+02
7.755000e-03	-1.101087e+02
7.800533e-03	-1.004482e+02
7.801000e-03	-1.006494e+02
7.845300e-03	-1.354057e+02
7.846000e-03	-1.354781e+02
7.886880e-03	-1.256263e+02
7.925000e-03	-1.160801e+02
7.979426e-03	-1.017291e+02
8.023300e-03	-8.986260e+01
8.024000e-03	-9.014274e+01
8.076300e-03	-1.283614e+02
8.077000e-03	-1.283971e+02
8.113300e-03	-1.179321e+02
8.114000e-03	-1.181988e+02
8.170100e-03	-1.579521e+02
8.171000e-03	-1.580752e+02
8.219571e-03	-1.425219e+02
8.270000e-03	-1.256779e+02
8.333593e-03	-1.037884e+02
8.334000e-03	-1.038341e+02
8.397300e-03	-1.453958e+02
8.398000e-03	-1.453791e+02
8.427300e-03	-1.347740e+02
8.428000e-03	-1.349897e+02
8.475857e-03	-1.654641e+02
8.495300e-03	-1.776473e+02
8.496000e-03	-1.776113e+02
8.561743e-03	-1.514263e+02
8.591000e-03	-1.394089e+02
8.643300e-03	-1.176403e+02
8.644000e-03	-1.178191e+02
8.718100e-03	-1.612609e+02
8.719000e-03	-1.612762e+02
8.741300e-03	-1.516420e+02
8.742000e-03	-1.518090e+02
8.797714e-03	-1.833522e+02
8.820300e-03	-1.958884e+02
8.821000e-03	-1.958015e+02
8.867000e-03	-1.742882e+02
8.936429e-03	-1.408436e+02
8.954300e-03	-1.321748e+02
8.955000e-03	-1.323057e+02
9.038100e-03	-1.753499e+02
9.039000e-03	-1.753037e+02
9.056300e-03	-1.666676e+02
9.057000e-03	-1.667877e+02
9.107286e-03	-1.919391e+02
9.145300e-03	-2.105213e+02
9.146000e-03	-2.103863e+02
9.179000e-03	-1.927617e+02
9.255400e-03	-1.510003e+02
9.264300e-03	-1.461280e+02
9.265000e-03	-1.462142e+02
9.343857e-03	-1.820884e+02
9.357300e-03	-1.881081e+02
9.358000e-03	-1.879489e+02
9.372300e-03	-1.799113e+02
9.373000e-03	-1.799874e+02
9.413880e-03	-1.979196e+02
9.470300e-03	-2.220430e+02
9.471000e-03	-2.218636e+02
9.519714e-03	-1.926627e+02
9.575300e-03	-1.588886e+02
9.576000e-03	-1.589335e+02
9.657840e-03	-1.913930e+02
9.676300e-03	-1.985994e+02
9.677000e-03	-1.983996e+02
9.688300e-03	-1.914034e+02
9.689000e-03	-1.914394e+02
9.749000e-03	-2.142417e+02
9.794300e-03	-2.309393e+02
9.795000e-03	-2.307200e+02
9.858714e-03	-1.888871e+02
9.886300e-03	-1.706367e+02
9.887000e-03	-1.706446e+02
9.993100e-03	-2.070818e+02
9.994000e-03	-2.068793e+02
1.000630e-02	-1.986248e+02
1.000700e-02	-1.986247e+02
1.006757e-02	-2.185903e+02
1.011830e-02	-2.347853e+02
1.011900e-02	-2.345317e+02
1.019730e-02	-1.793950e+02
1.019800e-02	-1.793716e+02
1.031110e-02	-2.132658e+02
1.031200e-02	-2.130246e+02
1.032330e-02	-2.049607e+02
1.032400e-02	-2.049308e+02
1.039543e-02	-2.254593e+02
1.044130e-02	-2.381830e+02
1.044200e-02	-2.379012e+02
1.050930e-02	-1.879196e+02
1.051000e-02	-1.878700e+02
1.062710e-02	-2.186383e+02
1.062800e-02	-2.183646e+02
1.064230e-02	-2.076326e+02
1.064300e-02	-2.075773e+02
1.072186e-02	-2.274787e+02
1.076530e-02	-2.380536e+02
1.076600e-02	-2.377492e+02
1.082130e-02	-1.949893e+02
1.082200e-02	-1.949188e+02
1.094310e-02	-2.231774e+02
1.094400e-02	-2.228776e+02
1.096130e-02	-2.093872e+02
1.096200e-02	-2.093118e+02
1.105771e-02	-2.307666e+02
1.108730e-02	-2.371564e+02
1.108800e-02	-2.368345e+02
1.113348e-02	-2.005776e+02
1.113400e-02	-2.005714e+02
1.125830e-02	-2.266820e+02
1.125900e-02	-2.263543e+02
1.128130e-02	-2.084517e+02
1.128200e-02	-2.083606e+02
1.139414e-02	-2.311107e+02
1.140930e-02	-2.340780e+02
1.141000e-02	-2.337435e+02
1.144730e-02	-2.033875e+02
1.144800e-02	-2.032892e+02
1.157230e-02	-2.274295e+02
1.157300e-02	-2.270914e+02
1.160230e-02	-2.031222e+02
1.160300e-02	-2.030210e+02
1.173030e-02	-2.272701e+02
1.173100e-02	-2.269295e+02
1.176030e-02	-2.028623e+02
1.176100e-02	-2.027587e+02
1.188630e-02	-2.262695e+02
1.188700e-02	-2.259273e+02
1.192330e-02	-1.960251e+02
1.192400e-02	-1.959205e+02
1.205130e-02	-2.198789e+02
1.205200e-02	-2.195385e+02
1.207530e-02	-2.004220e+02
1.207600e-02	-2.003191e+02
1.219930e-02	-2.236438e+02
1.220000e-02	-2.233031e+02
1.224530e-02	-1.861017e+02
1.224600e-02	-1.859996e+02
1.234729e-02	-2.056645e+02
1.237130e-02	-2.103625e+02
1.237200e-02	-2.100282e+02
1.239030e-02	-1.951872e+02
1.239100e-02	-1.950907e+02
1.251130e-02	-2.190445e+02
1.251200e-02	-2.187114e+02
1.256830e-02	-1.731076e+02
1.256900e-02	-1.730144e+02
1.263743e-02	-1.872226e+02
1.269030e-02	-1.984590e+02
1.269100e-02	-1.981372e+02
1.270530e-02	-1.868044e+02
1.270600e-02	-1.867206e+02
1.282430e-02	-2.125132e+02
1.282500e-02	-2.121938e+02
1.289130e-02	-1.598362e+02
1.289200e-02	-1.597583e+02
1.294988e-02	-1.730780e+02
1.300930e-02	-1.871264e+02
1.301000e-02	-1.868222e+02
1.302230e-02	-1.773895e+02
1.302300e-02	-1.773234e+02
1.313530e-02	-2.047009e+02
1.313600e-02	-2.043999e+02
1.321430e-02	-1.446998e+02
1.321500e-02	-1.446423e+02
1.328114e-02	-1.618955e+02
1.332730e-02	-1.742757e+02
1.332800e-02	-1.739938e+02
1.333930e-02	-1.656929e+02
1.334000e-02	-1.656492e+02
1.344730e-02	-1.953085e+02
1.344800e-02	-1.950307e+02
1.353100e-02	-1.344907e+02
1.353830e-02	-1.292558e+02
1.353900e-02	-1.292236e+02
1.357988e-02	-1.413150e+02
1.364430e-02	-1.608880e+02
1.364500e-02	-1.606325e+02
1.365730e-02	-1.520587e+02
1.365800e-02	-1.520416e+02
1.375830e-02	-1.836250e+02
1.375900e-02	-1.833745e+02
1.384300e-02	-1.253913e+02
1.386330e-02	-1.116089e+02
1.386400e-02	-1.116069e+02
1.391886e-02	-1.302985e+02
1.396030e-02	-1.447613e+02
1.396100e-02	-1.445367e+02
1.397530e-02	-1.351995e+02
1.397600e-02	-1.352139e+02
1.406830e-02	-1.684800e+02
1.406900e-02	-1.682620e+02
1.415500e-02	-1.129314e+02
1.418730e-02	-9.257146e+01
1.418800e-02	-9.260534e+01
1.423724e-02	-1.119353e+02
1.427630e-02	-1.275458e+02
1.427700e-02	-1.273574e+02
1.429530e-02	-1.163551e+02
1.429600e-02	-1.164064e+02
1.437930e-02	-1.508651e+02
1.438000e-02	-1.506849e+02
1.442100e-02	-1.264179e+02
1.448057e-02	-9.159945e+01
1.451230e-02	-7.345875e+01
1.451300e-02	-7.353400e+01
1.455388e-02	-9.196691e+01
1.459130e-02	-1.090915e+02
1.459200e-02	-1.089439e+02
1.461530e-02	-9.629610e+01
1.461600e-02	-9.638898e+01
1.468930e-02	-1.310868e+02
1.469000e-02	-1.309487e+02
1.474300e-02	-1.028228e+02
1.479700e-02	-7.465886e+01
1.483730e-02	-5.418644e+01
1.483800e-02	-5.430769e+01
1.489543e-02	-8.405560e+01
1.490530e-02	-8.921377e+01
1.490600e-02	-8.911079e+01
1.493530e-02	-7.509143e+01
1.493600e-02	-7.523022e+01
1.499955e-02	-1.094740e+02
1.500000e-02	-1.094501e+02
1.506500e-02	-7.932069e+01
1.511414e-02	-5.707401e+01
1.516230e-02	-3.595108e+01
1.516300e-02	-3.612201e+01
1.521930e-02	-6.922486e+01
1.522000e-02	-6.916968e+01
1.525730e-02	-5.389900e+01
1.525800e-02	-5.408711e+01
1.531030e-02	-8.592417e+01
1.531100e-02	-8.588113e+01
1.538500e-02	-5.686252e+01
1.543129e-02	-3.928935e+01
1.548710e-02	-1.887083e+01
1.548800e-02	-1.905673e+01
1.553230e-02	-4.832047e+01
1.553300e-02	-4.831526e+01
1.557930e-02	-3.271429e+01
1.558000e-02	-3.295416e+01
1.562030e-02	-6.042635e+01
1.562100e-02	-6.043432e+01
1.569214e-02	-3.778550e+01
1.573705e-02	-2.400157e+01
1.578702e-02	-9.339045e+00
1.581230e-02	-2.195694e+00
1.581300e-02	-2.473495e+00
1.584530e-02	-2.625640e+01
1.584600e-02	-2.630334e+01
1.590130e-02	-1.185651e+01
1.590200e-02	-1.215040e+01
1.593130e-02	-3.434888e+01
1.593200e-02	-3.440981e+01
1.599771e-02	-1.849393e+01
1.604584e-02	-7.349288e+00
1.608088e-02	3.151855e-01
1.613630e-02	1.183768e+01
1.613700e-02	1.150470e+01
1.615730e-02	-4.989515e+00
1.615800e-02	-5.089111e+00
1.621457e-02	5.444453e+00
1.622430e-02	7.155067e+00
1.622500e-02	6.806559e+00
1.624130e-02	-6.777210e+00
1.624200e-02	-6.891068e+00
1.628288e-02	-4.060364e-02
1.634300e-02	9.486511e+00
1.638600e-02	1.569228e+01
1.643100e-02	2.170893e+01
1.646130e-02	2.546628e+01
1.646200e-02	2.507751e+01
1.646930e-02	1.859975e+01
1.647000e-02	1.844685e+01
1.652571e-02	2.455022e+01
1.654830e-02	2.680279e+01
1.654900e-02	2.639847e+01
1.655230e-02	2.341734e+01
1.655300e-02	2.324966e+01
1.661414e-02	2.860054e+01
1.666700e-02	3.257550e+01
1.671886e-02	3.568576e+01
1.678030e-02	3.864815e+01
1.678100e-02	3.914772e+01
1.678530e-02	4.362254e+01
1.678600e-02	4.388383e+01
1.684171e-02	4.554155e+01
1.686430e-02	4.605260e+01
1.686500e-02	4.653670e+01
1.687230e-02	5.399272e+01
1.687300e-02	5.423793e+01
1.691388e-02	5.454010e+01
1.697800e-02	5.423338e+01
1.703386e-02	5.301396e+01
1.709130e-02	5.112630e+01
1.709200e-02	5.157021e+01
1.710830e-02	6.730910e+01
1.710900e-02	6.751271e+01
1.716557e-02	6.453825e+01
1.717530e-02	6.398878e+01
1.717600e-02	6.441743e+01
1.719630e-02	8.356641e+01
1.719700e-02	8.375346e+01
1.725243e-02	7.942370e+01
1.729500e-02	7.557524e+01
1.734943e-02	6.989276e+01
1.740230e-02	6.387334e+01
1.740300e-02	6.426155e+01
1.743130e-02	8.933099e+01
1.743200e-02	8.947722e+01
1.748830e-02	8.195100e+01
1.748900e-02	8.232426e+01
1.752130e-02	1.102026e+02
1.752200e-02	1.103316e+02
1.756398e-02	1.036281e+02
1.761000e-02	9.577023e+01
1.766457e-02	8.568098e+01
1.771230e-02	7.647562e+01
1.771300e-02	7.680942e+01
1.775430e-02	1.101636e+02
1.775500e-02	1.102538e+02
1.780054e-02	1.005983e+02
1.780100e-02	1.007865e+02
1.784530e-02	1.355468e+02
1.784600e-02	1.356192e+02
1.790171e-02	1.221158e+02
1.795337e-02	1.088280e+02
1.802330e-02	9.000359e+01
1.802400e-02	9.028366e+01
1.807630e-02	1.284982e+02
1.807700e-02	1.285339e+02
1.811330e-02	1.180650e+02
1.811400e-02	1.183316e+02
1.817010e-02	1.580777e+02
1.817100e-02	1.582007e+02
1.821957e-02	1.426399e+02
1.827000e-02	1.257873e+02
1.833359e-02	1.038861e+02
1.833400e-02	1.039352e+02
1.839730e-02	1.454838e+02
1.839800e-02	1.454669e+02
1.842730e-02	1.348556e+02
1.842800e-02	1.350711e+02
1.847586e-02	1.655351e+02
1.849530e-02	1.777140e+02
1.849600e-02	1.776778e+02
1.856174e-02	1.514782e+02
1.859100e-02	1.394543e+02
1.864330e-02	1.176742e+02
1.864400e-02	1.178528e+02
1.871810e-02	1.612790e+02
1.871900e-02	1.612941e+02
1.874130e-02	1.516553e+02
1.874200e-02	1.518222e+02
1.879771e-02	1.833545e+02
1.882030e-02	1.958865e+02
1.882100e-02	1.957995e+02
1.886700e-02	1.742779e+02
1.891300e-02	1.521985e+02
1.895430e-02	1.321507e+02
1.895500e-02	1.322815e+02
1.903810e-02	1.753147e+02
1.903900e-02	1.752683e+02
1.905630e-02	1.666302e+02
1.905700e-02	1.667503e+02
1.910729e-02	1.918964e+02
1.914530e-02	2.104752e+02
1.914600e-02	2.103402e+02
1.917900e-02	1.927130e+02
1.923500e-02	1.621801e+02
1.926430e-02	1.460745e+02
1.926500e-02	1.461606e+02
1.934386e-02	1.820325e+02
1.935730e-02	1.880519e+02
1.935800e-02	1.878927e+02
1.937230e-02	1.798550e+02
1.937300e-02	1.799311e+02
1.941388e-02	1.978632e+02
1.947030e-02	2.219872e+02
1.947100e-02	2.218078e+02
1.951971e-02	1.926081e+02
1.957530e-02	1.588360e+02
1.957600e-02	1.588809e+02
1.965784e-02	1.913446e+02
1.967630e-02	1.985522e+02
1.967700e-02	1.983523e+02
1.968830e-02	1.913568e+02
1.968900e-02	1.913929e+02
1.974900e-02	2.141993e+02
1.979430e-02	2.309003e+02
1.979500e-02	2.306809e+02
1.985871e-02	1.888532e+02
1.988630e-02	1.706051e+02
1.988700e-02	1.706129e+02
1.999310e-02	2.070592e+02
1.999400e-02	2.068568e+02
2.000630e-02	1.986034e+02
2.000700e-02	1.986033e+02
2.006757e-02	2.185742e+02
2.011830e-02	2.347734e+02
2.011900e-02	2.345199e+02
2.019730e-02	1.793895e+02
2.019800e-02	1.793662e+02
2.031110e-02	2.132686e+02
2.031200e-02	2.130275e+02
2.032330e-02	2.049644e+02
2.032400e-02	2.049345e+02
2.039543e-02	2.254675e+02
2.044130e-02	2.381938e+02
2.044200e-02	2.379120e+02
2.050930e-02	1.879337e+02
2.051000e-02	1.878842e+02
2.062710e-02	2.186568e+02
2.062800e-02	2.183831e+02
2.064230e-02	2.076515e+02
2.064300e-02	2.075963e+02
2.072186e-02	2.274993e+02
2.076530e-02	2.380749e+02
2.076600e-02	2.377705e+02
2.082130e-02	1.950110e+02
2.082200e-02	1.949405e+02
2.094310e-02	2.231989e+02
2.094400e-02	2.228991e+02
2.096130e-02	2.094086e+02
2.096200e-02	2.093331e+02
2.105771e-02	2.307866e+02
2.108730e-02	2.371758e+02
2.108800e-02	2.368539e+02
2.113348e-02	2.005968e+02
2.113400e-02	2.005919e+02
2.125830e-02	2.266991e+02
2.125900e-02	2.263714e+02
2.128130e-02	2.084681e+02
2.128200e-02	2.083770e+02
2.139414e-02	2.311233e+02
2.140930e-02	2.340900e+02
2.141000e-02	2.337555e+02
2.144730e-02	2.033982e+02
2.144800e-02	2.032998e+02
2.157230e-02	2.274357e+02
2.157300e-02	2.270975e+02
2.160230e-02	2.031273e+02
2.160300e-02	2.030261e+02
2.173030e-02	2.272709e+02
2.173100e-02	2.269304e+02
2.176030e-02	2.028622e+02
2.176100e-02	2.027587e+02
2.188630e-02	2.262660e+02
2.188700e-02	2.259238e+02
2.192330e-02	1.960208e+02
2.192400e-02	1.959161e+02
2.205130e-02	2.198721e+02
2.205200e-02	2.195317e+02
2.207530e-02	2.004148e+02
2.207600e-02	2.003119e+02
2.219930e-02	2.236352e+02
2.220000e-02	2.232946e+02
2.224530e-02	1.860928e+02
2.224600e-02	1.859907e+02
2.234729e-02	2.056553e+02
2.237130e-02	2.103533e+02
2.237200e-02	2.100191e+02
2.239030e-02	1.951781e+02
2.239100e-02	1.950816e+02
2.251130e-02	2.190359e+02
2.251200e-02	2.187028e+02
2.256830e-02	1.730994e+02
2.256900e-02	1.730062e+02
2.263743e-02	1.872150e+02
2.269030e-02	1.984521e+02
2.269100e-02	1.981302e+02
2.270530e-02	1.867976e+02
2.270600e-02	1.867138e+02
2.282430e-02	2.125079e+02
2.282500e-02	2.121885e+02
2.289130e-02	1.598319e+02
2.289200e-02	1.597540e+02
2.294988e-02	1.730744e+02
2.300930e-02	1.871237e+02
2.301000e-02	1.868195e+02
2.302230e-02	1.773870e+02
2.302300e-02	1.773209e+02
2.313530e-02	2.046999e+02
2.313600e-02	2.043989e+02
2.321430e-02	1.446997e+02
2.321500e-02	1.446422e+02
2.328114e-02	1.618962e+02
2.332730e-02	1.742769e+02
2.332800e-02	1.739950e+02
2.333930e-02	1.656942e+02
2.334000e-02	1.656505e+02
2.344730e-02	1.953107e+02
2.344800e-02	1.950329e+02
2.353100e-02	1.344935e+02
2.353830e-02	1.292586e+02
2.353900e-02	1.292264e+02
2.357988e-02	1.413180e+02
2.364430e-02	1.608913e+02
2.364500e-02	1.606357e+02
2.365730e-02	1.520620e+02
2.365800e-02	1.520449e+02
2.375830e-02	1.836285e+02
2.375900e-02	1.833780e+02
2.384300e-02	1.253948e+02
2.386330e-02	1.116125e+02
2.386400e-02	1.116104e+02
2.391886e-02	1.303019e+02
2.396030e-02	1.447646e+02
2.396100e-02	1.445400e+02
2.397530e-02	1.352029e+02
2.397600e-02	1.352172e+02
2.406830e-02	1.684830e+02
2.406900e-02	1.682650e+02
2.415500e-02	1.129341e+02
2.418730e-02	9.257399e+01
2.418800e-02	9.260785e+01
2.423723e-02	1.119351e+02
2.427630e-02	1.275479e+02
2.427700e-02	1.273595e+02
2.429530e-02	1.163571e+02
2.429600e-02	1.164084e+02
2.437930e-02	1.508667e+02
2.438000e-02	1.506864e+02
2.442100e-02	1.264192e+02
2.448057e-02	9.160043e+01
2.451230e-02	7.345958e+01
2.451300e-02	7.353482e+01
2.456871e-02	9.871925e+01
2.459130e-02	1.090920e+02
2.459200e-02	1.089443e+02
2.461530e-02	9.629639e+01
2.461600e-02	9.638928e+01
2.468930e-02	1.310868e+02
2.469000e-02	1.309487e+02
2.474300e-02	1.028225e+02
2.479700e-02	7.465836e+01
2.483730e-02	5.418579e+01
2.483800e-02	5.430705e+01
2.489543e-02	8.405477e+01
2.490530e-02	8.921294e+01
2.490600e-02	8.910994e+01
2.493530e-02	7.509052e+01
2.493600e-02	7.522928e+01
2.499955e-02	1.094729e+02
2.500000e-02	1.094489e+02
2.506500e-02	7.931940e+01
2.511414e-02	5.707263e+01
2.516230e-02	3.594966e+01
2.516300e-02	3.612059e+01
2.521930e-02	6.922342e+01
2.522000e-02	6.916823e+01
2.525730e-02	5.389754e+01
2.525800e-02	5.408566e+01
2.531030e-02	8.592273e+01
2.531100e-02	8.587968e+01
2.538500e-02	5.686111e+01
2.543129e-02	3.928802e+01
2.548710e-02	1.886955e+01
2.548800e-02	1.905545e+01
2.553230e-02	4.831927e+01
2.553300e-02	4.831404e+01
2.557930e-02	3.271315e+01
2.558000e-02	3.295303e+01
2.562030e-02	6.042531e+01
2.562100e-02	6.043327e+01
2.569214e-02	3.778458e+01
2.573657e-02	2.414482e+01
2.578686e-02	9.383490e+00
2.581230e-02	2.195053e+00
2.581300e-02	2.472855e+00
2.584530e-02	2.625581e+01
2.584600e-02	2.630276e+01
2.590130e-02	1.185606e+01
2.590200e-02	1.214995e+01
2.593130e-02	3.434848e+01
2.593200e-02	3.440942e+01
2.599771e-02	1.849366e+01
2.604584e-02	7.349143e+00
2.608088e-02	-3.152618e-01
2.613630e-02	-1.183766e+01
2.613700e-02	-1.150467e+01
2.615730e-02	4.989578e+00
2.615800e-02	5.089172e+00
2.621457e-02	-5.444280e+00
2.622430e-02	-7.154907e+00
2.622500e-02	-6.806381e+00
2.624130e-02	6.777420e+00
2.624200e-02	6.891281e+00
2.628288e-02	4.087830e-02
2.634300e-02	-9.486160e+00
2.638600e-02	-1.569187e+01
2.643100e-02	-2.170848e+01
2.646130e-02	-2.546582e+01
2.646200e-02	-2.507704e+01
2.646930e-02	-1.859927e+01
2.647000e-02	-1.844640e+01
2.652571e-02	-2.454971e+01
2.654830e-02	-2.680226e+01
2.654900e-02	-2.639795e+01
2.655230e-02	-2.341681e+01
2.655300e-02	-2.324915e+01
2.661414e-02	-2.859999e+01
2.666700e-02	-3.257495e+01
2.671886e-02	-3.568521e+01
2.678030e-02	-3.864761e+01
2.678100e-02	-3.914718e+01
2.678530e-02	-4.362199e+01
2.678600e-02	-4.388327e+01
2.684171e-02	-4.554102e+01
2.686430e-02	-4.605206e+01
2.686500e-02	-4.653617e+01
2.687230e-02	-5.399218e+01
2.687300e-02	-5.423740e+01
2.691388e-02	-5.453959e+01
2.697800e-02	-5.423289e+01
2.703386e-02	-5.301355e+01
2.709130e-02	-5.112591e+01
2.709200e-02	-5.156981e+01
2.710830e-02	-6.730870e+01
2.710900e-02	-6.751231e+01
2.716557e-02	-6.453792e+01
2.717530e-02	-6.398843e+01
2.717600e-02	-6.441709e+01
2.719630e-02	-8.356609e+01
2.719700e-02	-8.375314e+01
2.725243e-02	-7.942345e+01
2.729500e-02	-7.557503e+01
2.734943e-02	-6.989258e+01
2.740230e-02	-6.387319e+01
2.740300e-02	-6.426140e+01
2.743130e-02	-8.933088e+01
2.743200e-02	-8.947708e+01
2.748830e-02	-8.195097e+01
2.748900e-02	-8.232421e+01
2.752130e-02	-1.102025e+02
2.752200e-02	-1.103316e+02
2.756398e-02	-1.036281e+02
2.761248e-02	-9.532718e+01
2.767643e-02	-8.341843e+01
2.771230e-02	-7.647570e+01
2.771300e-02	-7.680950e+01
2.775430e-02	-1.101637e+02
2.775500e-02	-1.102539e+02
2.780054e-02	-1.005984e+02
2.780100e-02	-1.007867e+02
2.784530e-02	-1.355469e+02
2.784600e-02	-1.356194e+02
2.788688e-02	-1.257694e+02
2.792500e-02	-1.162242e+02
2.797958e-02	-1.018308e+02
2.802330e-02	-9.000377e+01
2.802400e-02	-9.028386e+01
2.807630e-02	-1.284984e+02
2.807700e-02	-1.285341e+02
2.811330e-02	-1.180652e+02
2.811400e-02	-1.183318e+02
2.817010e-02	-1.580779e+02
2.817100e-02	-1.582009e+02
2.821957e-02	-1.426402e+02
2.827000e-02	-1.257876e+02
2.833359e-02	-1.038864e+02
2.833400e-02	-1.039354e+02
2.839730e-02	-1.454840e+02
2.839800e-02	-1.454671e+02
2.842730e-02	-1.348558e+02
2.842800e-02	-1.350713e+02
2.847586e-02	-1.655353e+02
2.849530e-02	-1.777142e+02
2.849600e-02	-1.776780e+02
2.856174e-02	-1.514783e+02
2.859100e-02	-1.394544e+02
2.864330e-02	-1.176744e+02
2.864400e-02	-1.178529e+02
2.871810e-02	-1.612791e+02
2.871900e-02	-1.612942e+02
2.874130e-02	-1.516555e+02
2.874200e-02	-1.518223e+02
2.879771e-02	-1.833546e+02
2.882030e-02	-1.958865e+02
2.882100e-02	-1.957996e+02
2.886700e-02	-1.742780e+02
2.893643e-02	-1.408222e+02
2.895430e-02	-1.321507e+02
2.895500e-02	-1.322815e+02
2.903810e-02	-1.753147e+02
2.903900e-02	-1.752683e+02
2.905630e-02	-1.666302e+02
2.905700e-02	-1.667503e+02
2.910729e-02	-1.918964e+02
2.914530e-02	-2.104752e+02
2.914600e-02	-2.103402e+02
2.917900e-02	-1.927130e+02
2.925540e-02	-1.509471e+02
2.926430e-02	-1.460744e+02
2.926500e-02	-1.461606e+02
2.934386e-02	-1.820324e+02
2.935730e-02	-1.880519e+02
2.935800e-02	-1.878927e+02
2.937230e-02	-1.798549e+02
2.937300e-02	-1.799310e+02
2.941388e-02	-1.978631e+02
2.947030e-02	-2.219871e+02
2.947100e-02	-2.218077e+02
2.951971e-02	-1.926080e+02
2.957530e-02	-1.588359e+02
2.957600e-02	-1.588808e+02
2.965784e-02	-1.913445e+02
2.967630e-02	-1.985521e+02
2.967700e-02	-1.983522e+02
2.968830e-02	-1.913567e+02
2.968900e-02	-1.913928e+02
2.974900e-02	-2.141992e+02
2.979430e-02	-2.309002e+02
2.979500e-02	-2.306809e+02
2.985871e-02	-1.888531e+02
2.988630e-02	-1.706050e+02
2.988700e-02	-1.706128e+02
2.999310e-02	-2.070591e+02
2.999400e-02	-2.068567e+02
3.000630e-02	-1.986033e+02
3.000700e-02	-1.986033e+02
3.006757e-02	-2.185741e+02
3.011830e-02	-2.347733e+02
3.011900e-02	-2.345198e+02
3.019730e-02	-1.793894e+02
3.019800e-02	-1.793661e+02
3.031110e-02	-2.132686e+02
3.031200e-02	-2.130275e+02
3.032330e-02	-2.049644e+02
3.032400e-02	-2.049345e+02
3.039543e-02	-2.254675e+02
3.044130e-02	-2.381938e+02
3.044200e-02	-2.379120e+02
3.050930e-02	-1.879337e+02
3.051000e-02	-1.878842e+02
3.062710e-02	-2.186568e+02
3.062800e-02	-2.183831e+02
3.064230e-02	-2.076515e+02
3.064300e-02	-2.075963e+02
3.072186e-02	-2.274993e+02
3.076530e-02	-2.380750e+02
3.076600e-02	-2.377705e+02
3.082130e-02	-1.950110e+02
3.082200e-02	-1.949406e+02
3.094310e-02	-2.231989e+02
3.094400e-02	-2.228991e+02
3.096130e-02	-2.094086e+02
3.096200e-02	-2.093332e+02
3.105771e-02	-2.307866e+02
3.108730e-02	-2.371759e+02
3.108800e-02	-2.368539e+02
3.113348e-02	-2.005968e+02
3.113400e-02	-2.005919e+02
3.125830e-02	-2.266991e+02
3.125900e-02	-2.263715e+02
3.128130e-02	-2.084681e+02
3.128200e-02	-2.083770e+02
3.139414e-02	-2.311233e+02
3.140930e-02	-2.340901e+02
3.141000e-02	-2.337555e+02
3.144730e-02	-2.033982e+02
3.144800e-02	-2.032998e+02
3.157230e-02	-2.274357e+02
3.157300e-02	-2.270976e+02
3.160230e-02	-2.031273e+02
3.160300e-02	-2.030261e+02
3.173030e-02	-2.272709e+02
3.173100e-02	-2.269304e+02
3.176030e-02	-2.028622e+02
3.176100e-02	-2.027587e+02
3.188630e-02	-2.262660e+02
3.188700e-02	-2.259238e+02
3.192330e-02	-1.960208e+02
3.192400e-02	-1.959161e+02
3.205130e-02	-2.198721e+02
3.205200e-02	-2.195317e+02
3.207530e-02	-2.004148e+02
3.207600e-02	-2.003119e+02
3.219930e-02	-2.236352e+02
3.220000e-02	-2.232945e+02
3.224530e-02	-1.860928e+02
3.224600e-02	-1.859907e+02
3.234729e-02	-2.056553e+02
3.237130e-02	-2.103533e+02
3.237200e-02	-2.100191e+02
3.239030e-02	-1.951781e+02
3.239100e-02	-1.950816e+02
3.251130e-02	-2.190359e+02
3.251200e-02	-2.187028e+02
3.256830e-02	-1.730994e+02
3.256900e-02	-1.730062e+02
3.263743e-02	-1.872150e+02
3.269030e-02	-1.984520e+02
3.269100e-02	-1.981302e+02
3.270530e-02	-1.867976e+02
3.270600e-02	-1.867138e+02
3.282430e-02	-2.125079e+02
3.282500e-02	-2.121885e+02
3.289130e-02	-1.598319e+02
3.289200e-02	-1.597540e+02
3.294988e-02	-1.730744e+02
3.300930e-02	-1.871237e+02
3.301000e-02	-1.868195e+02
3.302230e-02	-1.773870e+02
3.302300e-02	-1.773209e+02
3.313530e-02	-2.046999e+02
3.313600e-02	-2.043989e+02
3.321430e-02	-1.446997e+02
3.321500e-02	-1.446422e+02
3.328114e-02	-1.618962e+02
3.332730e-02	-1.742769e+02
3.332800e-02	-1.739950e+02
3.333930e-02	-1.656942e+02
3.334000e-02	-1.656505e+02
3.344730e-02	-1.953108e+02
3.344800e-02	-1.950329e+02
3.353100e-02	-1.344935e+02
3.353830e-02	-1.292586e+02
3.353900e-02	-1.292264e+02
3.357988e-02	-1.413180e+02
3.364430e-02	-1.608913e+02
3.364500e-02	-1.606357e+02
3.365730e-02	-1.520620e+02
3.365800e-02	-1.520449e+02
3.375830e-02	-1.836285e+02
3.375900e-02	-1.833780e+02
3.384300e-02	-1.253948e+02
3.386330e-02	-1.116125e+02
3.386400e-02	-1.116104e+02
3.391886e-02	-1.303019e+02
3.396030e-02	-1.447646e+02
3.396100e-02	-1.445400e+02
3.397530e-02	-1.352029e+02
3.397600e-02	-1.352172e+02
3.406830e-02	-1.684831e+02
3.406900e-02	-1.682650e+02
3.415500e-02	-1.129341e+02
3.418730e-02	-9.257398e+01
3.418800e-02	-9.260786e+01
3.423723e-02	-1.119351e+02
3.427630e-02	-1.275479e+02
3.427700e-02	-1.273595e+02
3.429530e-02	-1.163572e+02
3.429600e-02	-1.164084e+02
3.437930e-02	-1.508667e+02
3.438000e-02	-1.506864e+02
3.442100e-02	-1.264192e+02
3.448057e-02	-9.160043e+01
3.451230e-02	-7.345956e+01
3.451300e-02	-7.353482e+01
3.455388e-02	-9.196752e+01
3.459130e-02	-1.090920e+02
3.459200e-02	-1.089443e+02
3.461530e-02	-9.629639e+01
3.461600e-02	-9.638928e+01
3.468930e-02	-1.310868e+02
3.469000e-02	-1.309487e+02
3.474300e-02	-1.028225e+02
3.479700e-02	-7.465837e+01
3.483730e-02	-5.418580e+01
3.483800e-02	-5.430705e+01
3.489543e-02	-8.405477e+01
3.490530e-02	-8.921292e+01
3.490600e-02	-8.910994e+01
3.493530e-02	-7.509052e+01
3.493600e-02	-7.522929e+01
3.500057e-02	-1.100238e+02
3.500100e-02	-1.100294e+02
3.506500e-02	-8.035571e+01
3.511414e-02	-5.808692e+01
3.516230e-02	-3.693271e+01
3.516300e-02	-3.710310e+01
3.521930e-02	-7.015721e+01
3.522000e-02	-7.010135e+01
3.525730e-02	-5.479219e+01
3.525800e-02	-5.497952e+01
3.531030e-02	-8.675536e+01
3.531100e-02	-8.671146e+01
3.538500e-02	-5.759402e+01
3.543129e-02	-3.995372e+01
3.548710e-02	-1.945059e+01
3.548800e-02	-1.963511e+01
3.553230e-02	-4.882942e+01
3.553300e-02	-4.882309e+01
3.557930e-02	-3.314850e+01
3.558000e-02	-3.338725e+01
3.562030e-02	-6.079512e+01
3.562100e-02	-6.080197e+01
3.569214e-02	-3.804083e+01
3.573657e-02	-2.433253e+01
3.578686e-02	-9.496232e+00
3.581230e-02	-2.270798e+00
3.581300e-02	-2.547601e+00
3.584530e-02	-2.628531e+01
3.584600e-02	-2.633130e+01
3.590130e-02	-1.181120e+01
3.590200e-02	-1.210421e+01
3.593130e-02	-3.426620e+01
3.593200e-02	-3.432627e+01
3.599771e-02	-1.833535e+01
3.604584e-02	-7.141212e+00
3.608088e-02	5.552673e-01
3.613630e-02	1.212369e+01
3.613700e-02	1.179123e+01
3.615730e-02	-4.688240e+00
3.615800e-02	-4.787338e+00
3.621457e-02	5.781833e+00
3.622430e-02	7.497917e+00
3.622500e-02	7.149780e+00
3.624130e-02	-6.425556e+00
3.624200e-02	-6.539078e+00
3.628288e-02	3.291473e-01
3.634300e-02	9.876389e+00
3.638600e-02	1.609069e+01
3.643100e-02	2.211234e+01
3.646130e-02	2.587096e+01
3.646200e-02	2.548216e+01
3.646930e-02	1.900432e+01
3.647000e-02	1.885141e+01
3.652571e-02	2.495049e+01
3.654830e-02	2.719989e+01
3.654900e-02	2.679545e+01
3.655230e-02	2.381376e+01
3.655300e-02	2.364597e+01
3.661414e-02	2.898252e+01
3.666700e-02	3.294098e+01
3.671886e-02	3.603070e+01
3.678000e-02	3.891978e+01
3.678070e-02	3.919292e+01
3.678530e-02	4.393712e+01
3.678600e-02	4.419809e+01
3.684171e-02	4.582677e+01
3.686430e-02	4.632547e+01
3.686500e-02	4.680919e+01
3.687230e-02	5.426109e+01
3.687300e-02	5.450592e+01
3.691388e-02	5.478448e+01
3.697800e-02	5.443951e+01
3.703386e-02	5.318580e+01
3.709130e-02	5.126265e+01
3.709200e-02	5.170615e+01
3.710830e-02	6.743497e+01
3.710900e-02	6.763815e+01
3.716557e-02	6.462938e+01
3.717530e-02	6.407405e+01
3.717600e-02	6.450229e+01
3.719630e-02	8.363924e+01
3.719700e-02	8.382587e+01
3.725243e-02	7.946427e+01
3.729500e-02	7.559229e+01
3.734943e-02	6.988154e+01
3.740230e-02	6.383649e+01
3.740300e-02	6.422437e+01
3.743130e-02	8.928107e+01
3.743200e-02	8.942696e+01
3.748830e-02	8.187743e+01
3.748900e-02	8.225040e+01
3.752130e-02	1.101166e+02
3.752200e-02	1.102453e+02
3.756388e-02	1.035440e+02
3.761000e-02	9.565581e+01
3.766457e-02	8.555281e+01
3.771230e-02	7.633762e+01
3.771300e-02	7.667130e+01
3.775430e-02	1.100187e+02
3.775500e-02	1.101088e+02
3.780053e-02	1.004483e+02
3.780100e-02	1.006495e+02
3.784530e-02	1.354059e+02
3.784600e-02	1.354782e+02
3.790171e-02	1.219725e+02
3.795335e-02	1.086903e+02
3.802330e-02	8.986281e+01
3.802400e-02	9.014293e+01
3.807630e-02	1.283616e+02
3.807700e-02	1.283973e+02
3.811330e-02	1.179323e+02
3.811400e-02	1.181990e+02
3.817010e-02	1.579523e+02
3.817100e-02	1.580755e+02
3.821957e-02	1.425221e+02
3.827000e-02	1.256782e+02
3.833359e-02	1.037886e+02
3.833400e-02	1.038343e+02
3.839730e-02	1.453960e+02
3.839800e-02	1.453793e+02
3.842730e-02	1.347742e+02
3.842800e-02	1.349899e+02
3.847586e-02	1.654643e+02
3.849530e-02	1.776475e+02
3.849600e-02	1.776115e+02
3.856174e-02	1.514265e+02
3.859100e-02	1.394090e+02
3.864330e-02	1.176405e+02
3.864400e-02	1.178192e+02
3.871810e-02	1.612611e+02
3.871900e-02	1.612764e+02
3.874130e-02	1.516421e+02
3.874200e-02	1.518091e+02
3.879771e-02	1.833523e+02
3.882030e-02	1.958885e+02
3.882100e-02	1.958017e+02
3.886700e-02	1.742883e+02
3.891300e-02	1.522164e+02
3.895430e-02	1.321749e+02
3.895500e-02	1.323058e+02
3.903810e-02	1.753499e+02
3.903900e-02	1.753037e+02
3.905630e-02	1.666676e+02
3.905700e-02	1.667877e+02
3.910729e-02	1.919390e+02
3.914530e-02	2.105213e+02
3.914600e-02	2.103863e+02
3.917900e-02	1.927617e+02
3.923500e-02	1.622322e+02
3.926430e-02	1.461280e+02
3.926500e-02	1.462141e+02
3.934386e-02	1.820884e+02
3.935730e-02	1.881080e+02
3.935800e-02	1.879489e+02
3.937230e-02	1.799112e+02
3.937300e-02	1.799874e+02
3.941388e-02	1.979195e+02
3.947030e-02	2.220430e+02
3.947100e-02	2.218635e+02
3.951971e-02	1.926626e+02
3.957530e-02	1.588885e+02
3.957600e-02	1.589334e+02
3.965784e-02	1.913929e+02
3.967630e-02	1.985993e+02
3.967700e-02	1.983995e+02
3.968830e-02	1.914033e+02
3.968900e-02	1.914393e+02
3.974900e-02	2.142417e+02
3.979430e-02	2.309393e+02
3.979500e-02	2.307199e+02
3.985871e-02	1.888871e+02
3.988630e-02	1.706367e+02
3.988700e-02	1.706445e+02
3.999310e-02	2.070817e+02
3.999400e-02	2.068792e+02
4.000630e-02	1.986248e+02
4.000700e-02	1.986247e+02
4.006757e-02	2.185903e+02
4.011830e-02	2.347853e+02
4.011900e-02	2.345317e+02
4.019730e-02	1.793950e+02
4.019800e-02	1.793716e+02
4.031110e-02	2.132657e+02
4.031200e-02	2.130245e+02
4.032330e-02	2.049607e+02
4.032400e-02	2.049308e+02
4.039543e-02	2.254593e+02
4.044130e-02	2.381830e+02
4.044200e-02	2.379012e+02
4.050930e-02	1.879196e+02
4.051000e-02	1.878700e+02
4.062710e-02	2.186384e+02
4.062800e-02	2.183646e+02
4.064230e-02	2.076326e+02
4.064300e-02	2.075773e+02
4.072186e-02	2.274787e+02
4.076530e-02	2.380537e+02
4.076600e-02	2.377492e+02
4.082130e-02	1.949893e+02
4.082200e-02	1.949188e+02
4.094310e-02	2.231774e+02
4.094400e-02	2.228776e+02
4.096130e-02	2.093872e+02
4.096200e-02	2.093118e+02
4.105771e-02	2.307666e+02
4.108730e-02	2.371565e+02
4.108800e-02	2.368345e+02
4.113348e-02	2.005777e+02
4.113400e-02	2.005714e+02
4.125830e-02	2.266820e+02
4.125900e-02	2.263544e+02
4.128130e-02	2.084517e+02
4.128200e-02	2.083606e+02
4.139414e-02	2.311107e+02
4.140930e-02	2.340781e+02
4.141000e-02	2.337435e+02
4.144730e-02	2.033875e+02
4.144800e-02	2.032892e+02
4.157230e-02	2.274296e+02
4.157300e-02	2.270914e+02
4.160230e-02	2.031222e+02
4.160300e-02	2.030210e+02
4.173030e-02	2.272701e+02
4.173100e-02	2.269295e+02
4.176030e-02	2.028623e+02
4.176100e-02	2.027588e+02
4.188630e-02	2.262695e+02
4.188700e-02	2.259273e+02
4.192330e-02	1.960252e+02
4.192400e-02	1.959205e+02
4.205130e-02	2.198789e+02
4.205200e-02	2.195385e+02
4.207530e-02	2.004220e+02
4.207600e-02	2.003191e+02
4.219930e-02	2.236437e+02
4.220000e-02	2.233031e+02
4.224530e-02	1.861017e+02
4.224600e-02	1.859996e+02
4.234729e-02	2.056644e+02
4.237130e-02	2.103625e+02
4.237200e-02	2.100282e+02
4.239030e-02	1.951872e+02
4.239100e-02	1.950907e+02
4.251130e-02	2.190445e+02
4.251200e-02	2.187114e+02
4.256830e-02	1.731076e+02
4.256900e-02	1.730144e+02
4.263743e-02	1.872226e+02
4.269030e-02	1.984590e+02
4.269100e-02	1.981372e+02
4.270530e-02	1.868044e+02
4.270600e-02	1.867206e+02
4.282430e-02	2.125132e+02
4.282500e-02	2.121938e+02
4.289130e-02	1.598362e+02
4.289200e-02	1.597583e+02
4.294988e-02	1.730780e+02
4.300930e-02	1.871264e+02
4.301000e-02	1.868222e+02
4.302230e-02	1.773895e+02
4.302300e-02	1.773234e+02
4.313530e-02	2.047009e+02
4.313600e-02	2.043999e+02
4.321430e-02	1.446998e+02
4.321500e-02	1.446422e+02
4.328114e-02	1.618955e+02
4.332730e-02	1.742757e+02
4.332800e-02	1.739938e+02
4.333930e-02	1.656929e+02
4.334024e-02	1.657148e+02
4.344730e-02	1.953085e+02
4.344800e-02	1.950307e+02
4.353100e-02	1.344907e+02
4.353830e-02	1.292558e+02
4.353900e-02	1.292236e+02
4.357988e-02	1.413150e+02
4.364430e-02	1.608880e+02
4.364500e-02	1.606325e+02
4.365730e-02	1.520587e+02
4.365800e-02	1.520416e+02
4.375830e-02	1.836250e+02
4.375900e-02	1.833745e+02
4.384300e-02	1.253913e+02
4.386330e-02	1.116090e+02
4.386400e-02	1.116069e+02
4.391886e-02	1.302985e+02
4.396030e-02	1.447612e+02
4.396100e-02	1.445367e+02
4.397530e-02	1.351996e+02
4.397600e-02	1.352139e+02
4.406830e-02	1.684800e+02
4.406900e-02	1.682620e+02
4.415500e-02	1.129314e+02
4.418730e-02	9.257146e+01
4.418800e-02	9.260535e+01
4.423724e-02	1.119353e+02
4.427630e-02	1.275458e+02
4.427700e-02	1.273574e+02
4.429530e-02	1.163552e+02
4.429600e-02	1.164064e+02
4.437930e-02	1.508651e+02
4.438000e-02	1.506849e+02
4.442100e-02	1.264179e+02
4.448057e-02	9.159947e+01
4.451230e-02	7.345877e+01
4.451300e-02	7.353401e+01
4.456871e-02	9.871875e+01
4.459130e-02	1.090915e+02
4.459200e-02	1.089439e+02
4.461530e-02	9.629608e+01
4.461600e-02	9.638899e+01
4.468930e-02	1.310869e+02
4.469000e-02	1.309487e+02
4.474300e-02	1.028228e+02
4.479700e-02	7.465884e+01
4.483730e-02	5.418643e+01
4.483800e-02	5.430769e+01
4.489543e-02	8.405560e+01
4.490530e-02	8.921379e+01
4.490600e-02	8.911079e+01
4.493530e-02	7.509145e+01
4.493600e-02	7.523021e+01
4.499955e-02	1.094740e+02
4.500000e-02	1.094501e+02
4.506500e-02	7.932069e+01
4.511414e-02	5.707400e+01
4.516230e-02	3.595108e+01
4.516300e-02	3.612201e+01
4.521930e-02	6.922487e+01
4.522000e-02	6.916968e+01
4.525730e-02	5.389900e+01
4.525800e-02	5.408710e+01
4.531030e-02	8.592416e+01
4.531100e-02	8.588113e+01
4.538500e-02	5.686252e+01
4.543129e-02	3.928937e+01
4.548710e-02	1.887083e+01
4.548800e-02	1.905672e+01
4.553230e-02	4.832047e+01
4.553300e-02	4.831523e+01
4.557930e-02	3.271428e+01
4.558000e-02	3.295415e+01
4.562030e-02	6.042636e+01
4.562100e-02	6.043433e+01
4.569214e-02	3.778549e+01
4.573657e-02	2.414564e+01
4.578686e-02	9.384206e+00
4.581230e-02	2.195694e+00
4.581300e-02	2.473495e+00
4.584530e-02	2.625639e+01
4.584600e-02	2.630334e+01
4.590130e-02	1.185652e+01
4.590200e-02	1.215039e+01
4.593130e-02	3.434888e+01
4.593200e-02	3.440981e+01
4.599771e-02	1.849393e+01
4.604584e-02	7.349303e+00
4.608088e-02	-3.151703e-01
4.613630e-02	-1.183768e+01
4.613700e-02	-1.150470e+01
4.615730e-02	4.989517e+00
4.615800e-02	5.089096e+00
4.621457e-02	-5.444444e+00
4.622430e-02	-7.155075e+00
4.622500e-02	-6.806564e+00
4.624130e-02	6.777206e+00
4.624200e-02	6.891068e+00
4.628288e-02	4.061890e-02
4.634300e-02	-9.486511e+00
4.638600e-02	-1.569226e+01
4.643100e-02	-2.170892e+01
4.646130e-02	-2.546628e+01
4.646200e-02	-2.507751e+01
4.646930e-02	-1.859975e+01
4.647000e-02	-1.844685e+01
4.652571e-02	-2.455022e+01
4.654830e-02	-2.680278e+01
4.654900e-02	-2.639846e+01
4.655230e-02	-2.341734e+01
4.655300e-02	-2.324967e+01
4.661414e-02	-2.860052e+01
4.666700e-02	-3.257550e+01
4.671886e-02	-3.568574e+01
4.678030e-02	-3.864816e+01
4.678100e-02	-3.914773e+01
4.678530e-02	-4.362254e+01
4.678600e-02	-4.388383e+01
4.684171e-02	-4.554155e+01
4.686430e-02	-4.605260e+01
4.686500e-02	-4.653670e+01
4.687230e-02	-5.399271e+01
4.687300e-02	-5.423793e+01
4.691388e-02	-5.454009e+01
4.697800e-02	-5.423338e+01
4.703386e-02	-5.301399e+01
4.709130e-02	-5.112631e+01
4.709200e-02	-5.157021e+01
4.710830e-02	-6.730909e+01
4.710900e-02	-6.751271e+01
4.716557e-02	-6.453825e+01
4.717530e-02	-6.398877e+01
4.717600e-02	-6.441742e+01
4.719630e-02	-8.356640e+01
4.719700e-02	-8.375345e+01
4.725243e-02	-7.942371e+01
4.729500e-02	-7.557524e+01
4.735011e-02	-6.981580e+01
4.740230e-02	-6.387334e+01
4.740300e-02	-6.426154e+01
4.743130e-02	-8.933100e+01
4.743200e-02	-8.947722e+01
4.748830e-02	-8.195102e+01
4.748900e-02	-8.232428e+01
4.752130e-02	-1.102026e+02
4.752200e-02	-1.103316e+02
4.756398e-02	-1.036281e+02
4.761000e-02	-9.577023e+01
4.766457e-02	-8.568095e+01
4.771230e-02	-7.647562e+01
4.771300e-02	-7.680941e+01
4.775430e-02	-1.101636e+02
4.775500e-02	-1.102538e+02
4.780054e-02	-1.005983e+02
4.780100e-02	-1.007865e+02
4.784530e-02	-1.355468e+02
4.784600e-02	-1.356192e+02
4.788688e-02	-1.257693e+02
4.792500e-02	-1.162240e+02
4.797958e-02	-1.018307e+02
4.802330e-02	-9.000357e+01
4.802400e-02	-9.028367e+01
4.807630e-02	-1.284982e+02
4.807700e-02	-1.285339e+02
4.811330e-02	-1.180650e+02
4.811400e-02	-1.183316e+02
4.817010e-02	-1.580777e+02
4.817100e-02	-1.582007e+02
4.821957e-02	-1.426399e+02
4.827000e-02	-1.257873e+02
4.833359e-02	-1.038862e+02
4.833400e-02	-1.039352e+02
4.839730e-02	-1.454838e+02
4.839800e-02	-1.454669e+02
4.842730e-02	-1.348556e+02
4.842800e-02	-1.350711e+02
4.847586e-02	-1.655351e+02
4.849530e-02	-1.777140e+02
4.849600e-02	-1.776778e+02
4.856174e-02	-1.514782e+02
4.859100e-02	-1.394543e+02
4.864330e-02	-1.176742e+02
4.864400e-02	-1.178528e+02
4.871810e-02	-1.612790e+02
4.871900e-02	-1.612941e+02
4.874130e-02	-1.516553e+02
4.874200e-02	-1.518222e+02
4.879771e-02	-1.833545e+02
4.882030e-02	-1.958865e+02
4.882100e-02	-1.957995e+02
4.886700e-02	-1.742779e+02
4.893643e-02	-1.408221e+02
4.895430e-02	-1.321507e+02
4.895500e-02	-1.322815e+02
4.903810e-02	-1.753146e+02
4.903900e-02	-1.752683e+02
4.905630e-02	-1.666302e+02
4.905700e-02	-1.667503e+02
4.910729e-02	-1.918964e+02
4.914530e-02	-2.104752e+02
4.914600e-02	-2.103402e+02
4.917900e-02	-1.927130e+02
4.925540e-02	-1.509471e+02
4.926430e-02	-1.460745e+02
4.926500e-02	-1.461606e+02
4.934386e-02	-1.820325e+02
4.935730e-02	-1.880519e+02
4.935800e-02	-1.878927e+02
4.937230e-02	-1.798550e+02
4.937300e-02	-1.799311e+02
4.941388e-02	-1.978632e+02
4.947030e-02	-2.219872e+02
4.947100e-02	-2.218078e+02
4.951971e-02	-1.926081e+02
4.957530e-02	-1.588360e+02
4.957600e-02	-1.588809e+02
4.965784e-02	-1.913446e+02
4.967630e-02	-1.985521e+02
4.967700e-02	-1.983523e+02
4.968830e-02	-1.913568e+02
4.968900e-02	-1.913929e+02
4.974900e-02	-2.141993e+02
4.979430e-02	-2.309002e+02
4.979500e-02	-2.306809e+02
4.985871e-02	-1.888532e+02
4.988630e-02	-1.706050e+02
4.988700e-02	-1.706129e+02
4.999310e-02	-2.070592e+02
4.999400e-02	-2.068568e+02
5.000000e-02	-2.028172e+02
