time	V(c,n)
0.000000e+00	-1.696440e+02
6.300000e-06	-1.650098e+02
7.000000e-06	-1.649637e+02
1.133000e-04	-1.940112e+02
1.140000e-04	-1.937316e+02
1.980000e-04	-1.322815e+02
2.053000e-04	-1.270356e+02
2.060000e-04	-1.270023e+02
2.468800e-04	-1.390481e+02
3.113000e-04	-1.585848e+02
3.120000e-04	-1.583292e+02
3.233000e-04	-1.504538e+02
3.240000e-04	-1.504366e+02
4.243000e-04	-1.820472e+02
4.250000e-04	-1.817972e+02
4.994286e-04	-1.304490e+02
5.293000e-04	-1.101365e+02
5.300000e-04	-1.101354e+02
5.854286e-04	-1.291080e+02
6.273000e-04	-1.437961e+02
6.280000e-04	-1.435729e+02
6.423000e-04	-1.342637e+02
6.430000e-04	-1.342794e+02
7.353000e-04	-1.677351e+02
7.360000e-04	-1.675186e+02
8.220000e-04	-1.123727e+02
8.543000e-04	-9.208246e+01
8.550000e-04	-9.211785e+01
9.042759e-04	-1.115673e+02
9.433000e-04	-1.272462e+02
9.440000e-04	-1.270593e+02
9.613000e-04	-1.166944e+02
9.620000e-04	-1.167470e+02
1.045300e-03	-1.513460e+02
1.046000e-03	-1.511668e+02
1.088000e-03	-1.263695e+02
1.146857e-03	-9.204625e+01
1.179300e-03	-7.353528e+01
1.180000e-03	-7.361143e+01
1.220880e-03	-9.209454e+01
1.258300e-03	-1.092627e+02
1.259000e-03	-1.091158e+02
1.281300e-03	-9.703426e+01
1.282000e-03	-9.712773e+01
1.356300e-03	-1.323514e+02
1.357000e-03	-1.322137e+02
1.410000e-03	-1.041051e+02
1.464000e-03	-7.593917e+01
1.504300e-03	-5.545399e+01
1.505000e-03	-5.557493e+01
1.562429e-03	-8.528759e+01
1.572300e-03	-9.043817e+01
1.573000e-03	-9.033461e+01
1.602300e-03	-7.628906e+01
1.603000e-03	-7.642718e+01
1.666570e-03	-1.106069e+02
1.667000e-03	-1.106068e+02
1.731000e-03	-8.084787e+01
1.780429e-03	-5.838400e+01
1.829300e-03	-3.685782e+01
1.830000e-03	-3.702749e+01
1.886300e-03	-7.002687e+01
1.887000e-03	-6.997037e+01
1.923300e-03	-5.503612e+01
1.924000e-03	-5.522269e+01
1.976300e-03	-8.694129e+01
1.977000e-03	-8.689662e+01
2.052000e-03	-5.731261e+01
2.098286e-03	-3.963715e+01
2.154100e-03	-1.909827e+01
2.155000e-03	-1.928227e+01
2.199300e-03	-4.845408e+01
2.200000e-03	-4.844742e+01
2.245300e-03	-3.308868e+01
2.246000e-03	-3.332700e+01
2.287300e-03	-6.139490e+01
2.288000e-03	-6.140145e+01
2.359143e-03	-3.860266e+01
2.403429e-03	-2.490866e+01
2.453143e-03	-1.019773e+01
2.478300e-03	-3.027130e+00
2.479000e-03	-3.303108e+00
2.511300e-03	-2.700214e+01
2.512000e-03	-2.704726e+01
2.568300e-03	-1.219890e+01
2.569000e-03	-1.249115e+01
2.597300e-03	-3.386275e+01
2.598000e-03	-3.392197e+01
2.663714e-03	-1.785902e+01
2.711840e-03	-6.621392e+00
2.746880e-03	1.100311e+00
2.803300e-03	1.290154e+01
2.804000e-03	1.256919e+01
2.824300e-03	-3.908064e+00
2.825000e-03	-4.007126e+00
2.881571e-03	6.559302e+00
2.891300e-03	8.273849e+00
2.892000e-03	7.925579e+00
2.908300e-03	-5.653391e+00
2.909000e-03	-5.767090e+00
2.949880e-03	1.087143e+00
3.010000e-03	1.060558e+01
3.052714e-03	1.675288e+01
3.097286e-03	2.268967e+01
3.127300e-03	2.639417e+01
3.128000e-03	2.600496e+01
3.135300e-03	1.952273e+01
3.136000e-03	1.936940e+01
3.191714e-03	2.543172e+01
3.214300e-03	2.766505e+01
3.215000e-03	2.726010e+01
3.219300e-03	2.336089e+01
3.220000e-03	2.319241e+01
3.281143e-03	2.847637e+01
3.334000e-03	3.239867e+01
3.385857e-03	3.546383e+01
3.447300e-03	3.837939e+01
3.448000e-03	3.887849e+01
3.451300e-03	4.230295e+01
3.452000e-03	4.256398e+01
3.507714e-03	4.421074e+01
3.530300e-03	4.472247e+01
3.531000e-03	4.520667e+01
3.538300e-03	5.266386e+01
3.539000e-03	5.290921e+01
3.579880e-03	5.322571e+01
3.645000e-03	5.294490e+01
3.700857e-03	5.176662e+01
3.758300e-03	4.993614e+01
3.759000e-03	5.038087e+01
3.775300e-03	6.613911e+01
3.776000e-03	6.634355e+01
3.832571e-03	6.344520e+01
3.842300e-03	6.290985e+01
3.843000e-03	6.333955e+01
3.863300e-03	8.251945e+01
3.864000e-03	8.270760e+01
3.918857e-03	7.851851e+01
3.961000e-03	7.479068e+01
4.015429e-03	6.922271e+01
4.068300e-03	6.331607e+01
4.069000e-03	6.370580e+01
4.098300e-03	8.972134e+01
4.099000e-03	8.986884e+01
4.154300e-03	8.257913e+01
4.155000e-03	8.295361e+01
4.187300e-03	1.108880e+02
4.188000e-03	1.110182e+02
4.230206e-03	1.043399e+02
4.277000e-03	9.640269e+01
4.331571e-03	8.635502e+01
4.379300e-03	7.717688e+01
4.380000e-03	7.751100e+01
4.420300e-03	1.100766e+02
4.421000e-03	1.101673e+02
4.467487e-03	1.003229e+02
4.468000e-03	1.006051e+02
4.512300e-03	1.353804e+02
4.513000e-03	1.354530e+02
4.568714e-03	1.219699e+02
4.620279e-03	1.087252e+02
4.689300e-03	9.017783e+01
4.690000e-03	9.045825e+01
4.742300e-03	1.286961e+02
4.743000e-03	1.287320e+02
4.780300e-03	1.179835e+02
4.781000e-03	1.182502e+02
4.837100e-03	1.580042e+02
4.838000e-03	1.581273e+02
4.885857e-03	1.428081e+02
4.936000e-03	1.260687e+02
5.000574e-03	1.038413e+02
5.001000e-03	1.039187e+02
5.064300e-03	1.454760e+02
5.065000e-03	1.454592e+02
5.094300e-03	1.348524e+02
5.095000e-03	1.350680e+02
5.142857e-03	1.655389e+02
5.162300e-03	1.777206e+02
5.163000e-03	1.776845e+02
5.228743e-03	1.514934e+02
5.258000e-03	1.394730e+02
5.310300e-03	1.176986e+02
5.311000e-03	1.178773e+02
5.384100e-03	1.607308e+02
5.385000e-03	1.607462e+02
5.408300e-03	1.506796e+02
5.409000e-03	1.508466e+02
5.464714e-03	1.823974e+02
5.487300e-03	1.949401e+02
5.488000e-03	1.948535e+02
5.533000e-03	1.738352e+02
5.580000e-03	1.513185e+02
5.620300e-03	1.317964e+02
5.621000e-03	1.319279e+02
5.704100e-03	1.750487e+02
5.705000e-03	1.750033e+02
5.723300e-03	1.658815e+02
5.724000e-03	1.660022e+02
5.774286e-03	1.911957e+02
5.812300e-03	2.098136e+02
5.813000e-03	2.096793e+02
5.846000e-03	1.920887e+02
5.902000e-03	1.616218e+02
5.931300e-03	1.455524e+02
5.932000e-03	1.456394e+02
6.010857e-03	1.816125e+02
6.024300e-03	1.876496e+02
6.025000e-03	1.874913e+02
6.039300e-03	1.794724e+02
6.040000e-03	1.795494e+02
6.080880e-03	1.975354e+02
6.136300e-03	2.213139e+02
6.137000e-03	2.211356e+02
6.186286e-03	1.916739e+02
6.241300e-03	1.583414e+02
6.242000e-03	1.583875e+02
6.323840e-03	1.909931e+02
6.342300e-03	1.982325e+02
6.343000e-03	1.980339e+02
6.355300e-03	1.904363e+02
6.356000e-03	1.904735e+02
6.416000e-03	2.133778e+02
6.461300e-03	2.301568e+02
6.462000e-03	2.299388e+02
6.525714e-03	1.882262e+02
6.552300e-03	1.706905e+02
6.553000e-03	1.706997e+02
6.644714e-03	2.024065e+02
6.660300e-03	2.076984e+02
6.661000e-03	2.074633e+02
6.672300e-03	1.998993e+02
6.673000e-03	1.999003e+02
6.734143e-03	2.201247e+02
6.785300e-03	2.364896e+02
6.786000e-03	2.362362e+02
6.864300e-03	1.810964e+02
6.865000e-03	1.810728e+02
6.977100e-03	2.145828e+02
6.978000e-03	2.143406e+02
6.990300e-03	2.055460e+02
6.991000e-03	2.055153e+02
7.062429e-03	2.259533e+02
7.108300e-03	2.386166e+02
7.109000e-03	2.383339e+02
7.175300e-03	1.890083e+02
7.176000e-03	1.889578e+02
7.294100e-03	2.198002e+02
7.295000e-03	2.195248e+02
7.309300e-03	2.087659e+02
7.310000e-03	2.087094e+02
7.388857e-03	2.284516e+02
7.431300e-03	2.386953e+02
7.432000e-03	2.383895e+02
7.488300e-03	1.947414e+02
7.489000e-03	1.946695e+02
7.609300e-03	2.225012e+02
7.610000e-03	2.221884e+02
7.628300e-03	2.078914e+02
7.629000e-03	2.078150e+02
7.730571e-03	2.304636e+02
7.754300e-03	2.355657e+02
7.755000e-03	2.352435e+02
7.800533e-03	1.989517e+02
7.801000e-03	1.988820e+02
7.924300e-03	2.248658e+02
7.925000e-03	2.245391e+02
7.948300e-03	2.058618e+02
7.949000e-03	2.057716e+02
8.061143e-03	2.287423e+02
8.076300e-03	2.317483e+02
8.077000e-03	2.314156e+02
8.113300e-03	2.019755e+02
8.114000e-03	2.018792e+02
8.239300e-03	2.265939e+02
8.240000e-03	2.262579e+02
8.269300e-03	2.023791e+02
8.270000e-03	2.022801e+02
8.397300e-03	2.269151e+02
8.398000e-03	2.265766e+02
8.427300e-03	2.025943e+02
8.428000e-03	2.024928e+02
8.552300e-03	2.261524e+02
8.553000e-03	2.258120e+02
8.590300e-03	1.951794e+02
8.591000e-03	1.950765e+02
8.718300e-03	2.193610e+02
8.719000e-03	2.190224e+02
8.741300e-03	2.007841e+02
8.742000e-03	2.006830e+02
8.866300e-03	2.244623e+02
8.867000e-03	2.241229e+02
8.912300e-03	1.869938e+02
8.913000e-03	1.868927e+02
9.026143e-03	2.090146e+02
9.038300e-03	2.113875e+02
9.039000e-03	2.110537e+02
9.056300e-03	1.970356e+02
9.057000e-03	1.969395e+02
9.178300e-03	2.210806e+02
9.179000e-03	2.207470e+02
9.234300e-03	1.758983e+02
9.235000e-03	1.758041e+02
9.317571e-03	1.928522e+02
9.357300e-03	2.012109e+02
9.358000e-03	2.008872e+02
9.372300e-03	1.895151e+02
9.373000e-03	1.894293e+02
9.490300e-03	2.146105e+02
9.491000e-03	2.142884e+02
9.558300e-03	1.608802e+02
9.559000e-03	1.607996e+02
9.616880e-03	1.738953e+02
9.676300e-03	1.877165e+02
9.677000e-03	1.874096e+02
9.688300e-03	1.787036e+02
9.689000e-03	1.786348e+02
9.802300e-03	2.058149e+02
9.803000e-03	2.055111e+02
9.881300e-03	1.455024e+02
9.882000e-03	1.454421e+02
9.947571e-03	1.622895e+02
9.993300e-03	1.743783e+02
9.994000e-03	1.740938e+02
1.000630e-02	1.650099e+02
1.000700e-02	1.649637e+02
1.011330e-02	1.940112e+02
1.011400e-02	1.937316e+02
1.019800e-02	1.322815e+02
1.020530e-02	1.270356e+02
1.020600e-02	1.270023e+02
1.024688e-02	1.390481e+02
1.031130e-02	1.585848e+02
1.031200e-02	1.583292e+02
1.032330e-02	1.504538e+02
1.032400e-02	1.504367e+02
1.042430e-02	1.820472e+02
1.042500e-02	1.817972e+02
1.049943e-02	1.304490e+02
1.052930e-02	1.101365e+02
1.053000e-02	1.101354e+02
1.058543e-02	1.291080e+02
1.062730e-02	1.437961e+02
1.062800e-02	1.435729e+02
1.064230e-02	1.342637e+02
1.064300e-02	1.342794e+02
1.073530e-02	1.677351e+02
1.073600e-02	1.675186e+02
1.082200e-02	1.123727e+02
1.085430e-02	9.208246e+01
1.085500e-02	9.211784e+01
1.090428e-02	1.115673e+02
1.094330e-02	1.272462e+02
1.094400e-02	1.270593e+02
1.096130e-02	1.166944e+02
1.096200e-02	1.167470e+02
1.104530e-02	1.513460e+02
1.104600e-02	1.511668e+02
1.108800e-02	1.263695e+02
1.114686e-02	9.204624e+01
1.117930e-02	7.353526e+01
1.118000e-02	7.361143e+01
1.123571e-02	9.886401e+01
1.125830e-02	1.092627e+02
1.125900e-02	1.091158e+02
1.128130e-02	9.703426e+01
1.128200e-02	9.712773e+01
1.135630e-02	1.323514e+02
1.135700e-02	1.322137e+02
1.141000e-02	1.041051e+02
1.146400e-02	7.593915e+01
1.150430e-02	5.545398e+01
1.150500e-02	5.557492e+01
1.156243e-02	8.528762e+01
1.157230e-02	9.043817e+01
1.157300e-02	9.033461e+01
1.160230e-02	7.628906e+01
1.160300e-02	7.642717e+01
1.166657e-02	1.106069e+02
1.166700e-02	1.106068e+02
1.173100e-02	8.084787e+01
1.176100e-02	6.712875e+01
1.180188e-02	4.885640e+01
1.182930e-02	3.685780e+01
1.183000e-02	3.702750e+01
1.188630e-02	7.002689e+01
1.188700e-02	6.997037e+01
1.192330e-02	5.503613e+01
1.192400e-02	5.522269e+01
1.197630e-02	8.694128e+01
1.197700e-02	8.689661e+01
1.205200e-02	5.731261e+01
1.209829e-02	3.963717e+01
1.215410e-02	1.909828e+01
1.215500e-02	1.928227e+01
1.219930e-02	4.845406e+01
1.220000e-02	4.844742e+01
1.224530e-02	3.308868e+01
1.224600e-02	3.332700e+01
1.228730e-02	6.139491e+01
1.228800e-02	6.140144e+01
1.235914e-02	3.860264e+01
1.240343e-02	2.490865e+01
1.245314e-02	1.019773e+01
1.247830e-02	3.027115e+00
1.247900e-02	3.303101e+00
1.251130e-02	2.700214e+01
1.251200e-02	2.704726e+01
1.256830e-02	1.219890e+01
1.256900e-02	1.249113e+01
1.259730e-02	3.386276e+01
1.259800e-02	3.392198e+01
1.266371e-02	1.785901e+01
1.271184e-02	6.621385e+00
1.274688e-02	-1.100311e+00
1.280330e-02	-1.290155e+01
1.280400e-02	-1.256918e+01
1.282430e-02	3.908066e+00
1.282500e-02	4.007126e+00
1.288157e-02	-6.559302e+00
1.289130e-02	-8.273849e+00
1.289200e-02	-7.925583e+00
1.290830e-02	5.653397e+00
1.290900e-02	5.767090e+00
1.294988e-02	-1.087128e+00
1.301000e-02	-1.060558e+01
1.305271e-02	-1.675288e+01
1.309729e-02	-2.268967e+01
1.312730e-02	-2.639415e+01
1.312800e-02	-2.600496e+01
1.313530e-02	-1.952272e+01
1.313600e-02	-1.936940e+01
1.319171e-02	-2.543172e+01
1.321430e-02	-2.766504e+01
1.321500e-02	-2.726010e+01
1.321930e-02	-2.336089e+01
1.322000e-02	-2.319241e+01
1.328114e-02	-2.847637e+01
1.333400e-02	-3.239867e+01
1.338586e-02	-3.546383e+01
1.344730e-02	-3.837939e+01
1.344800e-02	-3.887849e+01
1.345130e-02	-4.230296e+01
1.345200e-02	-4.256398e+01
1.350771e-02	-4.421074e+01
1.353030e-02	-4.472246e+01
1.353100e-02	-4.520666e+01
1.353830e-02	-5.266386e+01
1.353900e-02	-5.290921e+01
1.357988e-02	-5.322571e+01
1.364500e-02	-5.294490e+01
1.370086e-02	-5.176663e+01
1.375830e-02	-4.993615e+01
1.375900e-02	-5.038086e+01
1.377530e-02	-6.613910e+01
1.377600e-02	-6.634355e+01
1.383257e-02	-6.344520e+01
1.384230e-02	-6.290985e+01
1.384300e-02	-6.333954e+01
1.386330e-02	-8.251945e+01
1.386400e-02	-8.270759e+01
1.391886e-02	-7.851850e+01
1.396100e-02	-7.479066e+01
1.401543e-02	-6.922269e+01
1.406830e-02	-6.331609e+01
1.406900e-02	-6.370579e+01
1.409830e-02	-8.972132e+01
1.409900e-02	-8.986884e+01
1.415430e-02	-8.257910e+01
1.415500e-02	-8.295363e+01
1.418730e-02	-1.108880e+02
1.418800e-02	-1.110182e+02
1.423021e-02	-1.043399e+02
1.427700e-02	-9.640269e+01
1.433157e-02	-8.635503e+01
1.437930e-02	-7.717687e+01
1.438000e-02	-7.751099e+01
1.442030e-02	-1.100766e+02
1.442100e-02	-1.101673e+02
1.446749e-02	-1.003229e+02
1.446800e-02	-1.006051e+02
1.451230e-02	-1.353804e+02
1.451300e-02	-1.354530e+02
1.455388e-02	-1.256179e+02
1.459200e-02	-1.160868e+02
1.464595e-02	-1.018829e+02
1.468930e-02	-9.017783e+01
1.469000e-02	-9.045825e+01
1.474230e-02	-1.286961e+02
1.474300e-02	-1.287320e+02
1.478030e-02	-1.179835e+02
1.478100e-02	-1.182502e+02
1.483710e-02	-1.580042e+02
1.483800e-02	-1.581273e+02
1.488586e-02	-1.428081e+02
1.493600e-02	-1.260687e+02
1.499955e-02	-1.041936e+02
1.500000e-02	-1.043045e+02
1.506430e-02	-1.465125e+02
1.506500e-02	-1.464955e+02
1.509430e-02	-1.358770e+02
1.509500e-02	-1.360924e+02
1.514286e-02	-1.665356e+02
1.516230e-02	-1.787036e+02
1.516300e-02	-1.786670e+02
1.521100e-02	-1.596281e+02
1.525800e-02	-1.403668e+02
1.531030e-02	-1.185312e+02
1.531100e-02	-1.187090e+02
1.538410e-02	-1.614647e+02
1.538500e-02	-1.614789e+02
1.540830e-02	-1.513790e+02
1.540900e-02	-1.515450e+02
1.546471e-02	-1.830126e+02
1.548730e-02	-1.955206e+02
1.548800e-02	-1.954329e+02
1.553300e-02	-1.743440e+02
1.560286e-02	-1.406389e+02
1.562030e-02	-1.321661e+02
1.562100e-02	-1.322965e+02
1.570410e-02	-1.752861e+02
1.570500e-02	-1.752394e+02
1.572330e-02	-1.660893e+02
1.572400e-02	-1.662089e+02
1.577453e-02	-1.914448e+02
1.581230e-02	-2.098893e+02
1.581300e-02	-2.097540e+02
1.584600e-02	-1.921172e+02
1.591216e-02	-1.559847e+02
1.593130e-02	-1.454702e+02
1.593200e-02	-1.455563e+02
1.602410e-02	-1.874075e+02
1.602500e-02	-1.873042e+02
1.603930e-02	-1.792709e+02
1.604000e-02	-1.793472e+02
1.608088e-02	-1.972955e+02
1.613630e-02	-2.210280e+02
1.613700e-02	-2.208492e+02
1.618629e-02	-1.913534e+02
1.624130e-02	-1.579896e+02
1.624200e-02	-1.580354e+02
1.634210e-02	-1.977983e+02
1.634300e-02	-1.976438e+02
1.635530e-02	-1.900432e+02
1.635600e-02	-1.900802e+02
1.641600e-02	-2.129753e+02
1.646130e-02	-2.297518e+02
1.646200e-02	-2.295338e+02
1.652571e-02	-1.878256e+02
1.655230e-02	-1.702937e+02
1.655300e-02	-1.703030e+02
1.664471e-02	-2.020332e+02
1.666030e-02	-2.073301e+02
1.666100e-02	-2.070953e+02
1.667230e-02	-1.995354e+02
1.667300e-02	-1.995365e+02
1.673414e-02	-2.197859e+02
1.678530e-02	-2.361745e+02
1.678600e-02	-2.359215e+02
1.686430e-02	-1.808231e+02
1.686500e-02	-1.807998e+02
1.697710e-02	-2.143757e+02
1.697800e-02	-2.141341e+02
1.699030e-02	-2.053470e+02
1.699100e-02	-2.053167e+02
1.706243e-02	-2.257987e+02
1.710830e-02	-2.384904e+02
1.710900e-02	-2.382081e+02
1.717530e-02	-1.889228e+02
1.717600e-02	-1.888726e+02
1.729410e-02	-2.197825e+02
1.729500e-02	-2.195076e+02
1.730930e-02	-2.087563e+02
1.731000e-02	-2.087002e+02
1.738886e-02	-2.284820e+02
1.743130e-02	-2.387451e+02
1.743200e-02	-2.384396e+02
1.748830e-02	-1.948150e+02
1.748900e-02	-1.947434e+02
1.760930e-02	-2.226155e+02
1.761000e-02	-2.223029e+02
1.762830e-02	-2.080108e+02
1.762900e-02	-2.079347e+02
1.773057e-02	-2.306049e+02
1.775430e-02	-2.357107e+02
1.775500e-02	-2.353887e+02
1.780054e-02	-1.990973e+02
1.780100e-02	-1.990193e+02
1.792430e-02	-2.250096e+02
1.792500e-02	-2.246828e+02
1.794830e-02	-2.060055e+02
1.794900e-02	-2.059153e+02
1.806114e-02	-2.288804e+02
1.807630e-02	-2.318849e+02
1.807700e-02	-2.315522e+02
1.811330e-02	-2.021083e+02
1.811400e-02	-2.020119e+02
1.823930e-02	-2.267086e+02
1.824000e-02	-2.263724e+02
1.826930e-02	-2.024886e+02
1.827000e-02	-2.023894e+02
1.839730e-02	-2.269993e+02
1.839800e-02	-2.266606e+02
1.842730e-02	-2.026721e+02
1.842800e-02	-2.025705e+02
1.855230e-02	-2.262029e+02
1.855300e-02	-2.258624e+02
1.859030e-02	-1.952217e+02
1.859100e-02	-1.951187e+02
1.871830e-02	-2.193763e+02
1.871900e-02	-2.190376e+02
1.874130e-02	-2.007949e+02
1.874200e-02	-2.006936e+02
1.886630e-02	-2.244503e+02
1.886700e-02	-2.241108e+02
1.891230e-02	-1.869745e+02
1.891300e-02	-1.868733e+02
1.902614e-02	-2.089799e+02
1.903830e-02	-2.113514e+02
1.903900e-02	-2.110175e+02
1.905630e-02	-1.969975e+02
1.905700e-02	-1.969013e+02
1.917830e-02	-2.210319e+02
1.917900e-02	-2.206982e+02
1.923430e-02	-1.758464e+02
1.923500e-02	-1.757522e+02
1.931757e-02	-1.927974e+02
1.935730e-02	-2.011554e+02
1.935800e-02	-2.008317e+02
1.937230e-02	-1.894595e+02
1.937300e-02	-1.893737e+02
1.949030e-02	-2.145562e+02
1.949100e-02	-2.142341e+02
1.955830e-02	-1.608282e+02
1.955900e-02	-1.607476e+02
1.961688e-02	-1.738460e+02
1.967630e-02	-1.876706e+02
1.967700e-02	-1.873638e+02
1.968830e-02	-1.786585e+02
1.968900e-02	-1.785897e+02
1.980230e-02	-2.057779e+02
1.980300e-02	-2.054742e+02
1.988130e-02	-1.454717e+02
1.988200e-02	-1.454115e+02
1.994757e-02	-1.622644e+02
1.999330e-02	-1.743571e+02
1.999400e-02	-1.740726e+02
2.000630e-02	-1.649897e+02
2.000700e-02	-1.649436e+02
2.011330e-02	-1.940001e+02
2.011400e-02	-1.937205e+02
2.019800e-02	-1.322770e+02
2.020530e-02	-1.270317e+02
2.020600e-02	-1.269985e+02
2.024688e-02	-1.390472e+02
2.031130e-02	-1.585884e+02
2.031200e-02	-1.583328e+02
2.032330e-02	-1.504582e+02
2.032400e-02	-1.504411e+02
2.042430e-02	-1.820576e+02
2.042500e-02	-1.818076e+02
2.049943e-02	-1.304630e+02
2.052930e-02	-1.101518e+02
2.053000e-02	-1.101507e+02
2.058543e-02	-1.291253e+02
2.062730e-02	-1.438147e+02
2.062800e-02	-1.435915e+02
2.064230e-02	-1.342827e+02
2.064300e-02	-1.342984e+02
2.073530e-02	-1.677559e+02
2.073600e-02	-1.675394e+02
2.082200e-02	-1.123942e+02
2.085430e-02	-9.210400e+01
2.085500e-02	-9.213939e+01
2.090425e-02	-1.115774e+02
2.094330e-02	-1.272673e+02
2.094400e-02	-1.270804e+02
2.096130e-02	-1.167153e+02
2.096200e-02	-1.167679e+02
2.104530e-02	-1.513657e+02
2.104600e-02	-1.511865e+02
2.108800e-02	-1.263883e+02
2.114686e-02	-9.206374e+01
2.117930e-02	-7.355191e+01
2.118000e-02	-7.362804e+01
2.122088e-02	-9.211004e+01
2.125830e-02	-1.092771e+02
2.125900e-02	-1.091302e+02
2.128130e-02	-9.704799e+01
2.128200e-02	-9.714143e+01
2.135630e-02	-1.323628e+02
2.135700e-02	-1.322251e+02
2.141000e-02	-1.041147e+02
2.146400e-02	-7.594703e+01
2.150430e-02	-5.546055e+01
2.150500e-02	-5.558146e+01
2.156243e-02	-8.529228e+01
2.157230e-02	-9.044254e+01
2.157300e-02	-9.033896e+01
2.160230e-02	-7.629251e+01
2.160300e-02	-7.643058e+01
2.166657e-02	-1.106084e+02
2.166700e-02	-1.106082e+02
2.173100e-02	-8.084755e+01
2.178043e-02	-5.838240e+01
2.182930e-02	-3.685502e+01
2.183000e-02	-3.702469e+01
2.188630e-02	-7.002285e+01
2.188700e-02	-6.996632e+01
2.192330e-02	-5.503137e+01
2.192400e-02	-5.521793e+01
2.197630e-02	-8.693561e+01
2.197700e-02	-8.689093e+01
2.205200e-02	-5.730585e+01
2.209829e-02	-3.962991e+01
2.215410e-02	-1.909053e+01
2.215500e-02	-1.927452e+01
2.219930e-02	-4.844605e+01
2.220000e-02	-4.843939e+01
2.224530e-02	-3.308047e+01
2.224600e-02	-3.331879e+01
2.228730e-02	-6.138661e+01
2.228800e-02	-6.139315e+01
2.235914e-02	-3.859438e+01
2.240343e-02	-2.490051e+01
2.245314e-02	-1.018982e+01
2.247830e-02	-3.019348e+00
2.247900e-02	-3.295329e+00
2.251130e-02	-2.699457e+01
2.251200e-02	-2.703969e+01
2.256830e-02	-1.219177e+01
2.256900e-02	-1.248404e+01
2.259730e-02	-3.385590e+01
2.259800e-02	-3.391513e+01
2.266371e-02	-1.785282e+01
2.271184e-02	-6.615728e+00
2.274688e-02	1.105576e+00
2.280330e-02	1.290611e+01
2.280400e-02	1.257376e+01
2.282430e-02	-3.903751e+00
2.282500e-02	-4.002823e+00
2.288157e-02	6.562890e+00
2.289130e-02	8.277321e+00
2.289200e-02	7.929039e+00
2.290830e-02	-5.650139e+00
2.290900e-02	-5.763840e+00
2.294988e-02	1.089859e+00
2.301000e-02	1.060756e+01
2.305271e-02	1.675433e+01
2.309729e-02	2.269060e+01
2.312730e-02	2.639473e+01
2.312800e-02	2.600553e+01
2.313530e-02	1.952321e+01
2.313600e-02	1.936989e+01
2.319171e-02	2.543159e+01
2.321430e-02	2.766470e+01
2.321500e-02	2.725974e+01
2.321930e-02	2.336048e+01
2.322000e-02	2.319199e+01
2.328114e-02	2.847538e+01
2.333400e-02	3.239720e+01
2.338586e-02	3.546198e+01
2.344730e-02	3.837714e+01
2.344800e-02	3.887622e+01
2.345130e-02	4.230067e+01
2.345200e-02	4.256166e+01
2.350771e-02	4.420815e+01
2.353030e-02	4.471977e+01
2.353100e-02	4.520395e+01
2.353830e-02	5.266112e+01
2.353900e-02	5.290648e+01
2.357988e-02	5.322282e+01
2.364500e-02	5.294183e+01
2.370086e-02	5.176344e+01
2.375830e-02	4.993294e+01
2.375900e-02	5.037764e+01
2.377530e-02	6.613586e+01
2.377600e-02	6.634035e+01
2.383257e-02	6.344200e+01
2.384230e-02	6.290666e+01
2.384300e-02	6.333636e+01
2.386330e-02	8.251628e+01
2.386400e-02	8.270444e+01
2.391886e-02	7.851546e+01
2.396100e-02	7.478770e+01
2.401543e-02	6.921991e+01
2.406830e-02	6.331346e+01
2.406900e-02	6.370319e+01
2.409830e-02	8.971883e+01
2.409900e-02	8.986632e+01
2.415430e-02	8.257683e+01
2.415500e-02	8.295135e+01
2.418730e-02	1.108859e+02
2.418800e-02	1.110161e+02
2.423020e-02	1.043389e+02
2.427700e-02	9.640102e+01
2.433157e-02	8.635359e+01
2.437930e-02	7.717567e+01
2.438000e-02	7.750978e+01
2.442030e-02	1.100756e+02
2.442100e-02	1.101663e+02
2.446749e-02	1.003221e+02
2.446800e-02	1.006046e+02
2.451230e-02	1.353801e+02
2.451300e-02	1.354527e+02
2.456871e-02	1.219698e+02
2.462028e-02	1.087253e+02
2.468930e-02	9.017824e+01
2.469000e-02	9.045863e+01
2.474230e-02	1.286966e+02
2.474300e-02	1.287325e+02
2.478030e-02	1.179842e+02
2.478100e-02	1.182509e+02
2.483710e-02	1.580050e+02
2.483800e-02	1.581282e+02
2.488586e-02	1.428091e+02
2.493600e-02	1.260698e+02
2.499955e-02	1.041948e+02
2.500000e-02	1.043058e+02
2.506430e-02	1.465139e+02
2.506500e-02	1.464969e+02
2.509430e-02	1.358784e+02
2.509500e-02	1.360937e+02
2.514286e-02	1.665370e+02
2.516230e-02	1.787050e+02
2.516300e-02	1.786684e+02
2.522874e-02	1.524192e+02
2.525800e-02	1.403682e+02
2.531030e-02	1.185325e+02
2.531100e-02	1.187103e+02
2.538410e-02	1.614659e+02
2.538500e-02	1.614801e+02
2.540830e-02	1.513802e+02
2.540900e-02	1.515462e+02
2.546471e-02	1.830137e+02
2.548730e-02	1.955217e+02
2.548800e-02	1.954340e+02
2.553300e-02	1.743450e+02
2.558000e-02	1.517535e+02
2.562030e-02	1.321669e+02
2.562100e-02	1.322973e+02
2.570410e-02	1.752868e+02
2.570500e-02	1.752401e+02
2.572330e-02	1.660900e+02
2.572400e-02	1.662095e+02
2.577429e-02	1.913273e+02
2.581230e-02	2.098898e+02
2.581300e-02	2.097545e+02
2.584600e-02	1.921176e+02
2.590200e-02	1.615763e+02
2.593130e-02	1.454704e+02
2.593200e-02	1.455565e+02
2.602410e-02	1.874075e+02
2.602500e-02	1.873042e+02
2.603930e-02	1.792709e+02
2.604000e-02	1.793472e+02
2.608088e-02	1.972954e+02
2.613630e-02	2.210278e+02
2.613700e-02	2.208490e+02
2.618629e-02	1.913532e+02
2.624130e-02	1.579893e+02
2.624200e-02	1.580351e+02
2.634210e-02	1.977979e+02
2.634300e-02	1.976433e+02
2.635530e-02	1.900428e+02
2.635600e-02	1.900798e+02
2.641600e-02	2.129749e+02
2.646130e-02	2.297514e+02
2.646200e-02	2.295333e+02
2.652571e-02	1.878251e+02
2.655230e-02	1.702932e+02
2.655300e-02	1.703025e+02
2.664471e-02	2.020327e+02
2.666030e-02	2.073296e+02
2.666100e-02	2.070947e+02
2.667230e-02	1.995348e+02
2.667300e-02	1.995360e+02
2.673414e-02	2.197853e+02
2.678530e-02	2.361740e+02
2.678600e-02	2.359210e+02
2.686430e-02	1.808226e+02
2.686500e-02	1.807994e+02
2.697710e-02	2.143753e+02
2.697800e-02	2.141337e+02
2.699030e-02	2.053466e+02
2.699100e-02	2.053163e+02
2.706243e-02	2.257984e+02
2.710830e-02	2.384901e+02
2.710900e-02	2.382078e+02
2.717530e-02	1.889225e+02
2.717600e-02	1.888724e+02
2.729410e-02	2.197824e+02
2.729500e-02	2.195074e+02
2.730930e-02	2.087562e+02
2.731000e-02	2.087000e+02
2.738886e-02	2.284819e+02
2.743130e-02	2.387451e+02
2.743200e-02	2.384396e+02
2.748830e-02	1.948149e+02
2.748900e-02	1.947434e+02
2.760930e-02	2.226155e+02
2.761000e-02	2.223030e+02
2.762830e-02	2.080109e+02
2.762900e-02	2.079348e+02
2.773057e-02	2.306051e+02
2.775430e-02	2.357109e+02
2.775500e-02	2.353889e+02
2.780054e-02	1.990975e+02
2.780100e-02	1.990194e+02
2.792430e-02	2.250098e+02
2.792500e-02	2.246830e+02
2.794830e-02	2.060057e+02
2.794900e-02	2.059155e+02
2.806114e-02	2.288806e+02
2.807630e-02	2.318851e+02
2.807700e-02	2.315524e+02
2.811330e-02	2.021085e+02
2.811400e-02	2.020121e+02
2.823930e-02	2.267088e+02
2.824000e-02	2.263726e+02
2.826930e-02	2.024887e+02
2.827000e-02	2.023895e+02
2.839730e-02	2.269994e+02
2.839800e-02	2.266608e+02
2.842730e-02	2.026723e+02
2.842800e-02	2.025706e+02
2.855230e-02	2.262030e+02
2.855300e-02	2.258625e+02
2.859030e-02	1.952218e+02
2.859100e-02	1.951188e+02
2.871830e-02	2.193764e+02
2.871900e-02	2.190376e+02
2.874130e-02	2.007950e+02
2.874200e-02	2.006937e+02
2.886630e-02	2.244503e+02
2.886700e-02	2.241108e+02
2.891230e-02	1.869745e+02
2.891300e-02	1.868733e+02
2.902614e-02	2.089799e+02
2.903830e-02	2.113514e+02
2.903900e-02	2.110175e+02
2.905630e-02	1.969975e+02
2.905700e-02	1.969013e+02
2.917830e-02	2.210318e+02
2.917900e-02	2.206981e+02
2.923430e-02	1.758463e+02
2.923500e-02	1.757521e+02
2.931757e-02	1.927974e+02
2.935730e-02	2.011553e+02
2.935800e-02	2.008317e+02
2.937230e-02	1.894594e+02
2.937300e-02	1.893736e+02
2.949030e-02	2.145561e+02
2.949100e-02	2.142341e+02
2.955830e-02	1.608281e+02
2.955900e-02	1.607475e+02
2.961688e-02	1.738459e+02
2.967630e-02	1.876705e+02
2.967700e-02	1.873637e+02
2.968830e-02	1.786584e+02
2.968900e-02	1.785896e+02
2.980230e-02	2.057778e+02
2.980300e-02	2.054741e+02
2.988130e-02	1.454717e+02
2.988200e-02	1.454114e+02
2.994757e-02	1.622644e+02
2.999330e-02	1.743570e+02
2.999400e-02	1.740726e+02
3.000630e-02	1.649897e+02
3.000700e-02	1.649436e+02
3.011330e-02	1.940000e+02
3.011400e-02	1.937204e+02
3.019800e-02	1.322770e+02
3.020530e-02	1.270317e+02
3.020600e-02	1.269985e+02
3.024688e-02	1.390472e+02
3.031130e-02	1.585884e+02
3.031200e-02	1.583328e+02
3.032330e-02	1.504582e+02
3.032400e-02	1.504411e+02
3.042430e-02	1.820576e+02
3.042500e-02	1.818076e+02
3.049943e-02	1.304630e+02
3.052930e-02	1.101518e+02
3.053000e-02	1.101507e+02
3.058543e-02	1.291253e+02
3.062730e-02	1.438147e+02
3.062800e-02	1.435915e+02
3.064230e-02	1.342827e+02
3.064300e-02	1.342984e+02
3.073530e-02	1.677559e+02
3.073600e-02	1.675394e+02
3.082200e-02	1.123942e+02
3.085430e-02	9.210403e+01
3.085500e-02	9.213942e+01
3.090425e-02	1.115775e+02
3.094330e-02	1.272673e+02
3.094400e-02	1.270804e+02
3.096130e-02	1.167154e+02
3.096200e-02	1.167679e+02
3.104530e-02	1.513657e+02
3.104600e-02	1.511865e+02
3.108800e-02	1.263883e+02
3.114686e-02	9.206377e+01
3.117930e-02	7.355194e+01
3.118000e-02	7.362808e+01
3.123571e-02	9.887911e+01
3.125830e-02	1.092771e+02
3.125900e-02	1.091302e+02
3.128130e-02	9.704803e+01
3.128200e-02	9.714146e+01
3.135630e-02	1.323628e+02
3.135700e-02	1.322251e+02
3.141000e-02	1.041147e+02
3.146400e-02	7.594707e+01
3.150430e-02	5.546057e+01
3.150500e-02	5.558148e+01
3.152540e-02	6.604045e+01
3.157230e-02	9.044257e+01
3.157300e-02	9.033897e+01
3.160230e-02	7.629251e+01
3.160300e-02	7.643060e+01
3.166657e-02	1.106084e+02
3.166700e-02	1.106083e+02
3.173100e-02	8.084758e+01
3.178043e-02	5.838238e+01
3.182930e-02	3.685503e+01
3.183000e-02	3.702470e+01
3.188630e-02	7.002286e+01
3.188700e-02	6.996632e+01
3.192330e-02	5.503137e+01
3.192400e-02	5.521793e+01
3.197630e-02	8.693559e+01
3.197700e-02	8.689093e+01
3.205200e-02	5.730586e+01
3.209829e-02	3.962990e+01
3.215410e-02	1.909053e+01
3.215500e-02	1.927452e+01
3.219930e-02	4.844604e+01
3.220000e-02	4.843941e+01
3.224530e-02	3.308044e+01
3.224600e-02	3.331877e+01
3.228730e-02	6.138660e+01
3.228800e-02	6.139314e+01
3.235914e-02	3.859438e+01
3.240343e-02	2.490049e+01
3.245314e-02	1.018979e+01
3.247830e-02	3.019333e+00
3.247900e-02	3.295319e+00
3.251130e-02	2.699457e+01
3.251200e-02	2.703967e+01
3.256830e-02	1.219176e+01
3.256900e-02	1.248402e+01
3.259730e-02	3.385590e+01
3.259800e-02	3.391510e+01
3.266371e-02	1.785282e+01
3.271184e-02	6.615719e+00
3.274688e-02	-1.105576e+00
3.280330e-02	-1.290611e+01
3.280400e-02	-1.257376e+01
3.282430e-02	3.903748e+00
3.282500e-02	4.002808e+00
3.288157e-02	-6.562888e+00
3.289130e-02	-8.277328e+00
3.289200e-02	-7.929047e+00
3.290830e-02	5.650131e+00
3.290900e-02	5.763840e+00
3.294988e-02	-1.089859e+00
3.301000e-02	-1.060756e+01
3.305271e-02	-1.675434e+01
3.309729e-02	-2.269060e+01
3.312730e-02	-2.639474e+01
3.312800e-02	-2.600552e+01
3.313530e-02	-1.952321e+01
3.313600e-02	-1.936987e+01
3.319171e-02	-2.543161e+01
3.321430e-02	-2.766470e+01
3.321500e-02	-2.725973e+01
3.321930e-02	-2.336049e+01
3.322000e-02	-2.319199e+01
3.328114e-02	-2.847538e+01
3.333400e-02	-3.239720e+01
3.338586e-02	-3.546196e+01
3.344730e-02	-3.837714e+01
3.344800e-02	-3.887622e+01
3.345130e-02	-4.230067e+01
3.345200e-02	-4.256166e+01
3.350771e-02	-4.420815e+01
3.353030e-02	-4.471977e+01
3.353100e-02	-4.520396e+01
3.353830e-02	-5.266113e+01
3.353900e-02	-5.290648e+01
3.357988e-02	-5.322283e+01
3.364500e-02	-5.294183e+01
3.370086e-02	-5.176346e+01
3.375830e-02	-4.993293e+01
3.375900e-02	-5.037764e+01
3.377530e-02	-6.613588e+01
3.377600e-02	-6.634035e+01
3.383257e-02	-6.344200e+01
3.384230e-02	-6.290666e+01
3.384300e-02	-6.333635e+01
3.386330e-02	-8.251629e+01
3.386400e-02	-8.270444e+01
3.391886e-02	-7.851545e+01
3.396100e-02	-7.478770e+01
3.401543e-02	-6.921989e+01
3.406830e-02	-6.331346e+01
3.406900e-02	-6.370317e+01
3.409830e-02	-8.971882e+01
3.409900e-02	-8.986632e+01
3.415430e-02	-8.257683e+01
3.415500e-02	-8.295136e+01
3.418730e-02	-1.108859e+02
3.418800e-02	-1.110161e+02
3.423020e-02	-1.043389e+02
3.427700e-02	-9.640099e+01
3.433157e-02	-8.635359e+01
3.437930e-02	-7.717567e+01
3.438000e-02	-7.750979e+01
3.442030e-02	-1.100756e+02
3.442100e-02	-1.101663e+02
3.446749e-02	-1.003221e+02
3.446800e-02	-1.006046e+02
3.451230e-02	-1.353800e+02
3.451300e-02	-1.354527e+02
3.455388e-02	-1.256178e+02
3.459200e-02	-1.160868e+02
3.464595e-02	-1.018832e+02
3.468930e-02	-9.017822e+01
3.469000e-02	-9.045865e+01
3.474230e-02	-1.286966e+02
3.474300e-02	-1.287326e+02
3.478030e-02	-1.179842e+02
3.478100e-02	-1.182509e+02
3.483710e-02	-1.580050e+02
3.483800e-02	-1.581282e+02
3.488586e-02	-1.428091e+02
3.493600e-02	-1.260698e+02
3.500057e-02	-1.038425e+02
3.500100e-02	-1.039199e+02
3.506430e-02	-1.454773e+02
3.506500e-02	-1.454605e+02
3.509430e-02	-1.348537e+02
3.509500e-02	-1.350693e+02
3.514286e-02	-1.655403e+02
3.516230e-02	-1.777219e+02
3.516300e-02	-1.776859e+02
3.522874e-02	-1.514948e+02
3.525800e-02	-1.394743e+02
3.531030e-02	-1.176999e+02
3.531100e-02	-1.178786e+02
3.538410e-02	-1.607320e+02
3.538500e-02	-1.607474e+02
3.540830e-02	-1.506808e+02
3.540900e-02	-1.508478e+02
3.546471e-02	-1.823985e+02
3.548730e-02	-1.949412e+02
3.548800e-02	-1.948545e+02
3.553300e-02	-1.738362e+02
3.560286e-02	-1.402422e+02
3.562030e-02	-1.317972e+02
3.562100e-02	-1.319287e+02
3.570410e-02	-1.750493e+02
3.570500e-02	-1.750040e+02
3.572330e-02	-1.658821e+02
3.572400e-02	-1.660028e+02
3.577429e-02	-1.911962e+02
3.581230e-02	-2.098140e+02
3.581300e-02	-2.096798e+02
3.584600e-02	-1.920891e+02
3.592240e-02	-1.504142e+02
3.593130e-02	-1.455527e+02
3.593200e-02	-1.456396e+02
3.601086e-02	-1.816126e+02
3.602430e-02	-1.876496e+02
3.602500e-02	-1.874914e+02
3.603930e-02	-1.794724e+02
3.604000e-02	-1.795494e+02
3.608088e-02	-1.975354e+02
3.613630e-02	-2.213137e+02
3.613700e-02	-2.211355e+02
3.618629e-02	-1.916736e+02
3.624130e-02	-1.583411e+02
3.624200e-02	-1.583872e+02
3.632384e-02	-1.909927e+02
3.634230e-02	-1.982321e+02
3.634300e-02	-1.980335e+02
3.635530e-02	-1.904359e+02
3.635600e-02	-1.904730e+02
3.641600e-02	-2.133773e+02
3.646130e-02	-2.301563e+02
3.646200e-02	-2.299383e+02
3.652571e-02	-1.882257e+02
3.655230e-02	-1.706900e+02
3.655300e-02	-1.706992e+02
3.664471e-02	-2.024060e+02
3.666030e-02	-2.076979e+02
3.666100e-02	-2.074628e+02
3.667230e-02	-1.998988e+02
3.667300e-02	-1.998997e+02
3.673414e-02	-2.201242e+02
3.678530e-02	-2.364891e+02
3.678600e-02	-2.362357e+02
3.686430e-02	-1.810959e+02
3.686500e-02	-1.810723e+02
3.697710e-02	-2.145824e+02
3.697800e-02	-2.143402e+02
3.699030e-02	-2.055456e+02
3.699100e-02	-2.055149e+02
3.706243e-02	-2.259530e+02
3.710830e-02	-2.386163e+02
3.710900e-02	-2.383336e+02
3.717530e-02	-1.890081e+02
3.717600e-02	-1.889575e+02
3.729410e-02	-2.198001e+02
3.729500e-02	-2.195246e+02
3.730930e-02	-2.087658e+02
3.731000e-02	-2.087092e+02
3.738886e-02	-2.284515e+02
3.743130e-02	-2.386952e+02
3.743200e-02	-2.383894e+02
3.748830e-02	-1.947414e+02
3.748900e-02	-1.946695e+02
3.760930e-02	-2.225012e+02
3.761000e-02	-2.221885e+02
3.762830e-02	-2.078914e+02
3.762900e-02	-2.078151e+02
3.773057e-02	-2.304637e+02
3.775430e-02	-2.355658e+02
3.775500e-02	-2.352437e+02
3.780053e-02	-1.989519e+02
3.780100e-02	-1.988822e+02
3.792430e-02	-2.248660e+02
3.792500e-02	-2.245392e+02
3.794830e-02	-2.058620e+02
3.794900e-02	-2.057718e+02
3.806114e-02	-2.287425e+02
3.807630e-02	-2.317484e+02
3.807700e-02	-2.314157e+02
3.811330e-02	-2.019757e+02
3.811400e-02	-2.018793e+02
3.823930e-02	-2.265941e+02
3.824000e-02	-2.262581e+02
3.826930e-02	-2.023793e+02
3.827000e-02	-2.022802e+02
3.839730e-02	-2.269152e+02
3.839800e-02	-2.265767e+02
3.842730e-02	-2.025945e+02
3.842800e-02	-2.024930e+02
3.855230e-02	-2.261525e+02
3.855300e-02	-2.258121e+02
3.859030e-02	-1.951795e+02
3.859100e-02	-1.950766e+02
3.871830e-02	-2.193610e+02
3.871900e-02	-2.190224e+02
3.874130e-02	-2.007842e+02
3.874200e-02	-2.006830e+02
3.886630e-02	-2.244623e+02
3.886700e-02	-2.241229e+02
3.891230e-02	-1.869938e+02
3.891300e-02	-1.868927e+02
3.902614e-02	-2.090146e+02
3.903830e-02	-2.113875e+02
3.903900e-02	-2.110537e+02
3.905630e-02	-1.970356e+02
3.905700e-02	-1.969395e+02
3.917830e-02	-2.210805e+02
3.917900e-02	-2.207469e+02
3.923430e-02	-1.758982e+02
3.923500e-02	-1.758041e+02
3.931757e-02	-1.928521e+02
3.935730e-02	-2.012108e+02
3.935800e-02	-2.008871e+02
3.937230e-02	-1.895150e+02
3.937300e-02	-1.894292e+02
3.949030e-02	-2.146104e+02
3.949100e-02	-2.142884e+02
3.955830e-02	-1.608802e+02
3.955900e-02	-1.607995e+02
3.961688e-02	-1.738952e+02
3.967630e-02	-1.877164e+02
3.967700e-02	-1.874096e+02
3.968830e-02	-1.787035e+02
3.968900e-02	-1.786347e+02
3.980230e-02	-2.058148e+02
3.980300e-02	-2.055110e+02
3.988130e-02	-1.455023e+02
3.988200e-02	-1.454420e+02
3.994757e-02	-1.622895e+02
3.999330e-02	-1.743782e+02
3.999400e-02	-1.740937e+02
4.000630e-02	-1.650098e+02
4.000700e-02	-1.649636e+02
4.011330e-02	-1.940112e+02
4.011400e-02	-1.937315e+02
4.019800e-02	-1.322815e+02
4.020530e-02	-1.270356e+02
4.020600e-02	-1.270023e+02
4.024688e-02	-1.390481e+02
4.031130e-02	-1.585848e+02
4.031200e-02	-1.583292e+02
4.032330e-02	-1.504538e+02
4.032400e-02	-1.504366e+02
4.042430e-02	-1.820472e+02
4.042500e-02	-1.817972e+02
4.049943e-02	-1.304490e+02
4.052930e-02	-1.101365e+02
4.053000e-02	-1.101354e+02
4.058543e-02	-1.291080e+02
4.062730e-02	-1.437961e+02
4.062800e-02	-1.435729e+02
4.064230e-02	-1.342637e+02
4.064300e-02	-1.342794e+02
4.073530e-02	-1.677352e+02
4.073600e-02	-1.675186e+02
4.082200e-02	-1.123727e+02
4.085430e-02	-9.208249e+01
4.085500e-02	-9.211788e+01
4.090428e-02	-1.115673e+02
4.094330e-02	-1.272462e+02
4.094400e-02	-1.270593e+02
4.096130e-02	-1.166945e+02
4.096200e-02	-1.167470e+02
4.104530e-02	-1.513460e+02
4.104600e-02	-1.511668e+02
4.108800e-02	-1.263695e+02
4.114686e-02	-9.204628e+01
4.117930e-02	-7.353530e+01
4.118000e-02	-7.361146e+01
4.122088e-02	-9.209457e+01
4.125830e-02	-1.092627e+02
4.125900e-02	-1.091159e+02
4.128130e-02	-9.703427e+01
4.128200e-02	-9.712775e+01
4.135630e-02	-1.323515e+02
4.135700e-02	-1.322137e+02
4.141000e-02	-1.041051e+02
4.146400e-02	-7.593919e+01
4.150430e-02	-5.545401e+01
4.150500e-02	-5.557495e+01
4.156243e-02	-8.528760e+01
4.157230e-02	-9.043819e+01
4.157300e-02	-9.033466e+01
4.160230e-02	-7.628908e+01
4.160300e-02	-7.642719e+01
4.166657e-02	-1.106069e+02
4.166700e-02	-1.106068e+02
4.173100e-02	-8.084789e+01
4.178043e-02	-5.838400e+01
4.182930e-02	-3.685782e+01
4.183000e-02	-3.702749e+01
4.188630e-02	-7.002688e+01
4.188700e-02	-6.997037e+01
4.192330e-02	-5.503612e+01
4.192400e-02	-5.522269e+01
4.197630e-02	-8.694128e+01
4.197700e-02	-8.689661e+01
4.205200e-02	-5.731261e+01
4.209829e-02	-3.963715e+01
4.215410e-02	-1.909827e+01
4.215500e-02	-1.928226e+01
4.219930e-02	-4.845407e+01
4.220000e-02	-4.844742e+01
4.224530e-02	-3.308865e+01
4.224600e-02	-3.332699e+01
4.228730e-02	-6.139489e+01
4.228800e-02	-6.140144e+01
4.235914e-02	-3.860264e+01
4.240343e-02	-2.490864e+01
4.245314e-02	-1.019773e+01
4.247830e-02	-3.027115e+00
4.247900e-02	-3.303097e+00
4.251130e-02	-2.700213e+01
4.251200e-02	-2.704724e+01
4.256830e-02	-1.219890e+01
4.256900e-02	-1.249114e+01
4.259730e-02	-3.386274e+01
4.259800e-02	-3.392196e+01
4.266371e-02	-1.785901e+01
4.271184e-02	-6.621385e+00
4.274688e-02	1.100311e+00
4.280330e-02	1.290155e+01
4.280400e-02	1.256920e+01
4.282430e-02	-3.908056e+00
4.282500e-02	-4.007111e+00
4.288157e-02	6.559308e+00
4.289130e-02	8.273857e+00
4.289200e-02	7.925587e+00
4.290830e-02	-5.653379e+00
4.290900e-02	-5.767090e+00
4.294988e-02	1.087143e+00
4.301000e-02	1.060558e+01
4.305271e-02	1.675288e+01
4.309729e-02	2.268967e+01
4.312730e-02	2.639417e+01
4.312800e-02	2.600496e+01
4.313530e-02	1.952273e+01
4.313600e-02	1.936940e+01
4.319171e-02	2.543172e+01
4.321430e-02	2.766505e+01
4.321500e-02	2.726010e+01
4.321930e-02	2.336089e+01
4.322000e-02	2.319241e+01
4.328114e-02	2.847638e+01
4.333400e-02	3.239867e+01
4.338599e-02	3.547076e+01
4.344730e-02	3.837938e+01
4.344800e-02	3.887849e+01
4.345130e-02	4.230295e+01
4.345200e-02	4.256395e+01
4.350771e-02	4.421075e+01
4.353030e-02	4.472247e+01
4.353100e-02	4.520667e+01
4.353830e-02	5.266385e+01
4.353900e-02	5.290919e+01
4.357988e-02	5.322571e+01
4.364500e-02	5.294490e+01
4.370086e-02	5.176662e+01
4.375830e-02	4.993617e+01
4.375900e-02	5.038084e+01
4.377530e-02	6.613911e+01
4.377600e-02	6.634355e+01
4.383257e-02	6.344520e+01
4.384230e-02	6.290985e+01
4.384300e-02	6.333954e+01
4.386330e-02	8.251945e+01
4.386400e-02	8.270760e+01
4.391886e-02	7.851851e+01
4.396100e-02	7.479066e+01
4.401543e-02	6.922268e+01
4.406830e-02	6.331610e+01
4.406900e-02	6.370580e+01
4.409830e-02	8.972133e+01
4.409900e-02	8.986884e+01
4.415430e-02	8.257909e+01
4.415500e-02	8.295361e+01
4.418730e-02	1.108880e+02
4.418800e-02	1.110182e+02
4.423021e-02	1.043399e+02
4.427700e-02	9.640269e+01
4.433157e-02	8.635502e+01
4.437930e-02	7.717688e+01
4.438000e-02	7.751100e+01
4.442030e-02	1.100766e+02
4.442100e-02	1.101673e+02
4.446749e-02	1.003229e+02
4.446800e-02	1.006051e+02
4.451230e-02	1.353804e+02
4.451300e-02	1.354530e+02
4.456871e-02	1.219699e+02
4.462028e-02	1.087252e+02
4.468930e-02	9.017783e+01
4.469000e-02	9.045825e+01
4.474230e-02	1.286961e+02
4.474300e-02	1.287320e+02
4.478030e-02	1.179835e+02
4.478100e-02	1.182502e+02
4.483710e-02	1.580042e+02
4.483800e-02	1.581273e+02
4.488586e-02	1.428081e+02
4.493600e-02	1.260687e+02
4.499955e-02	1.041936e+02
4.500000e-02	1.043045e+02
4.506430e-02	1.465125e+02
4.506500e-02	1.464955e+02
4.509430e-02	1.358770e+02
4.509500e-02	1.360923e+02
4.514286e-02	1.665356e+02
4.516230e-02	1.787036e+02
4.516300e-02	1.786670e+02
4.522874e-02	1.524179e+02
4.525800e-02	1.403668e+02
4.531030e-02	1.185312e+02
4.531100e-02	1.187090e+02
4.538410e-02	1.614647e+02
4.538500e-02	1.614789e+02
4.540830e-02	1.513790e+02
4.540900e-02	1.515450e+02
4.546471e-02	1.830126e+02
4.548730e-02	1.955206e+02
4.548800e-02	1.954329e+02
4.553300e-02	1.743440e+02
4.558000e-02	1.517526e+02
4.562030e-02	1.321661e+02
4.562100e-02	1.322965e+02
4.570410e-02	1.752861e+02
4.570500e-02	1.752394e+02
4.572330e-02	1.660893e+02
4.572400e-02	1.662089e+02
4.577429e-02	1.913268e+02
4.581230e-02	2.098893e+02
4.581300e-02	2.097540e+02
4.584600e-02	1.921172e+02
4.590200e-02	1.615761e+02
4.593130e-02	1.454702e+02
4.593200e-02	1.455563e+02
4.602410e-02	1.874075e+02
4.602500e-02	1.873042e+02
4.603930e-02	1.792709e+02
4.604000e-02	1.793472e+02
4.608088e-02	1.972955e+02
4.613630e-02	2.210280e+02
4.613700e-02	2.208492e+02
4.618629e-02	1.913534e+02
4.624130e-02	1.579896e+02
4.624200e-02	1.580354e+02
4.634210e-02	1.977983e+02
4.634300e-02	1.976438e+02
4.635530e-02	1.900432e+02
4.635600e-02	1.900802e+02
4.641600e-02	2.129753e+02
4.646130e-02	2.297518e+02
4.646200e-02	2.295338e+02
4.652571e-02	1.878256e+02
4.655230e-02	1.702937e+02
4.655300e-02	1.703030e+02
4.664471e-02	2.020332e+02
4.666030e-02	2.073301e+02
4.666100e-02	2.070953e+02
4.667230e-02	1.995353e+02
4.667300e-02	1.995365e+02
4.673414e-02	2.197859e+02
4.678530e-02	2.361745e+02
4.678600e-02	2.359215e+02
4.686430e-02	1.808231e+02
4.686500e-02	1.807998e+02
4.697710e-02	2.143757e+02
4.697800e-02	2.141341e+02
4.699030e-02	2.053470e+02
4.699100e-02	2.053167e+02
4.706243e-02	2.257987e+02
4.710830e-02	2.384904e+02
4.710900e-02	2.382081e+02
4.717530e-02	1.889228e+02
4.717600e-02	1.888726e+02
4.729410e-02	2.197825e+02
4.729500e-02	2.195076e+02
4.730930e-02	2.087564e+02
4.731000e-02	2.087002e+02
4.738903e-02	2.285241e+02
4.743130e-02	2.387451e+02
4.743200e-02	2.384396e+02
4.748830e-02	1.948149e+02
4.748900e-02	1.947433e+02
4.760930e-02	2.226155e+02
4.761000e-02	2.223029e+02
4.762830e-02	2.080108e+02
4.762900e-02	2.079347e+02
4.773057e-02	2.306049e+02
4.775430e-02	2.357107e+02
4.775500e-02	2.353887e+02
4.780054e-02	1.990973e+02
4.780100e-02	1.990193e+02
4.792430e-02	2.250096e+02
4.792500e-02	2.246828e+02
4.794830e-02	2.060055e+02
4.794900e-02	2.059153e+02
4.806114e-02	2.288803e+02
4.807630e-02	2.318849e+02
4.807700e-02	2.315522e+02
4.811330e-02	2.021083e+02
4.811400e-02	2.020119e+02
4.823930e-02	2.267086e+02
4.824000e-02	2.263724e+02
4.826930e-02	2.024886e+02
4.827000e-02	2.023894e+02
4.839730e-02	2.269993e+02
4.839800e-02	2.266606e+02
4.842730e-02	2.026721e+02
4.842800e-02	2.025704e+02
4.855230e-02	2.262029e+02
4.855300e-02	2.258624e+02
4.859030e-02	1.952217e+02
4.859100e-02	1.951187e+02
4.871830e-02	2.193763e+02
4.871900e-02	2.190376e+02
4.874130e-02	2.007949e+02
4.874200e-02	2.006936e+02
4.886630e-02	2.244503e+02
4.886700e-02	2.241108e+02
4.891230e-02	1.869745e+02
4.891300e-02	1.868733e+02
4.902614e-02	2.089799e+02
4.903830e-02	2.113514e+02
4.903900e-02	2.110175e+02
4.905630e-02	1.969975e+02
4.905700e-02	1.969013e+02
4.917830e-02	2.210319e+02
4.917900e-02	2.206982e+02
4.923430e-02	1.758464e+02
4.923500e-02	1.757522e+02
4.931757e-02	1.927974e+02
4.935730e-02	2.011554e+02
4.935800e-02	2.008317e+02
4.937230e-02	1.894595e+02
4.937300e-02	1.893737e+02
4.949030e-02	2.145562e+02
4.949100e-02	2.142341e+02
4.955830e-02	1.608282e+02
4.955900e-02	1.607476e+02
4.961688e-02	1.738460e+02
4.967630e-02	1.876706e+02
4.967700e-02	1.873638e+02
4.968830e-02	1.786585e+02
4.968900e-02	1.785897e+02
4.980230e-02	2.057779e+02
4.980300e-02	2.054742e+02
4.988130e-02	1.454717e+02
4.988200e-02	1.454115e+02
4.994757e-02	1.622644e+02
4.999330e-02	1.743571e+02
4.999400e-02	1.740726e+02
5.000000e-02	1.696233e+02
